category,query1,query2,label
咳血,"剧烈运动后咯血,是怎么了?",剧烈运动后咯血是什么原因？,1
咳血,"剧烈运动后咯血,是怎么了?",剧烈运动后为什么会咯血？,1
咳血,"剧烈运动后咯血,是怎么了?",剧烈运动后咯血，应该怎么处理？,0
咳血,"剧烈运动后咯血,是怎么了?",剧烈运动后咯血，需要就医吗？,0
咳血,"剧烈运动后咯血,是怎么了?",剧烈运动后咯血，是否很严重？,0
咳血,百令胶囊需要注意什么？,百令胶囊有什么注意事项？,1
咳血,百令胶囊需要注意什么？,服用百令胶囊有什么需要特别注意的吗？,1
咳血,百令胶囊需要注意什么？,百令胶囊如何服用？,0
咳血,百令胶囊需要注意什么？,百令胶囊效果好吗？,0
咳血,百令胶囊需要注意什么？,百令胶囊需要如何服用？,0
咳血,肝癌兼肺癌晚期能活多久？,肝癌兼肺癌晚期还有多少寿命？,1
咳血,肝癌兼肺癌晚期能活多久？,肝癌兼肺癌晚期还有多少时间？,1
咳血,肝癌兼肺癌晚期能活多久？,肝癌兼肺癌晚期能治疗吗？,0
咳血,肝癌兼肺癌晚期能活多久？,肝癌兼肺癌晚期该怎么办？,0
咳血,肝癌兼肺癌晚期能活多久？,肝癌兼肺癌晚期能治好吗？,0
咳血,咳嗽咯血半年是什么病？,咳嗽咯血半年是怎么回事？,1
咳血,咳嗽咯血半年是什么病？,咳嗽咯血半年是什么情况？,1
咳血,咳嗽咯血半年是什么病？,咳嗽咯血半年需要治病吗？,0
咳血,咳嗽咯血半年是什么病？,咳嗽咯血半年怎么处理？,0
咳血,咳嗽咯血半年是什么病？,咳嗽咯血半年是什么原因导致的？,0
咳血,百令胶囊能长期服用吗?,百令胶囊是否可以长时间服用?,1
咳血,百令胶囊能长期服用吗?,百令胶囊长时间服用会有问题吗?,1
咳血,百令胶囊能长期服用吗?,百令胶囊能和其他药物一起服用吗?,0
咳血,百令胶囊能长期服用吗?,百令胶囊怎么服用?,0
咳血,百令胶囊能长期服用吗?,百令胶囊的服用方法是什么?,0
咳血,我国最常见的咯血原因是什么?,我国主要的咯血原因是什么?,1
咳血,我国最常见的咯血原因是什么?,我国最常见的咯血是什么导致的?,1
咳血,我国最常见的咯血原因是什么?,我国最常见的咯血有哪些?,0
咳血,我国最常见的咯血原因是什么?,我国最常见的咯血的种类有多少?,0
咳血,我国最常见的咯血原因是什么?,我国最常见的咯血是什么?,0
咳血,大咯血的处理原则是什么?,大咯血该怎么处理?,1
咳血,大咯血的处理原则是什么?,如何处理大咯血?,1
咳血,大咯血的处理原则是什么?,大咯血是什么情况?,0
咳血,大咯血的处理原则是什么?,大咯血的什么病?,0
咳血,大咯血的处理原则是什么?,大咯血的原因是什么?,0
咳血,咯血的话应该怎么抢救？,咯血的话应该怎么处理？,1
咳血,咯血的话应该怎么抢救？,咯血的话应该如何进行抢救？,1
咳血,咯血的话应该怎么抢救？,咯血的话应该去医院吗？,0
咳血,咯血的话应该怎么抢救？,咯血的话是什么原因造成的？,0
咳血,咯血的话应该怎么抢救？,咯血的话应该如何预防？,0
咳血,请问无痰无咳嗽咯血这是什么病？,请问无痰无咳嗽咯血是什么病症？,1
咳血,请问无痰无咳嗽咯血这是什么病？,请问无痰无咳嗽咯血是哪一种病呢？,1
咳血,请问无痰无咳嗽咯血这是什么病？,请问无痰无咳嗽咯血是病吗？,0
咳血,请问无痰无咳嗽咯血这是什么病？,请问无痰无咳嗽咯血需要去看病吗？,0
咳血,请问无痰无咳嗽咯血这是什么病？,请问无痰无咳嗽咯血这种病严重吗？,0
咳血,请问肺癌造成咯血的原因是什么?,请问为什么肺癌会造成咯血呢?,1
咳血,请问肺癌造成咯血的原因是什么?,请问肺癌是如何导致咯血的？,1
咳血,请问肺癌造成咯血的原因是什么?,请问肺癌会造成咯血吗？,0
咳血,请问肺癌造成咯血的原因是什么?,请问肺癌造成的咯血应该如何治疗？,0
咳血,请问肺癌造成咯血的原因是什么?,请问肺癌造成的咯血严重吗？,0
咳血,请问老人两年经常咯痰咯血有什么办法？,请问老人两年经常咯痰咯血有什么治疗的方法？,1
咳血,请问老人两年经常咯痰咯血有什么办法？,请问老人两年经常咯痰咯血该怎么治疗？,1
咳血,请问老人两年经常咯痰咯血有什么办法？,请问老人两年经常咯痰咯血需要治疗吗？,0
咳血,请问老人两年经常咯痰咯血有什么办法？,请问老人两年经常咯痰咯血严重吗？,0
咳血,请问老人两年经常咯痰咯血有什么办法？,请问老人两年经常咯痰咯血是什么原因呢？,0
咳血,肺部感染支气管炎会咯血吗？,肺部感染支气管炎会造成咯血吗？,1
咳血,肺部感染支气管炎会咯血吗？,肺部感染支气管炎是否会导致咯血？,1
咳血,肺部感染支气管炎会咯血吗？,肺部感染支气管炎咯血怎么办？,0
咳血,肺部感染支气管炎会咯血吗？,肺部感染支气管炎咯血该怎么治疗？,0
咳血,肺部感染支气管炎会咯血吗？,肺部感染支气管炎咯血吃什么药？,0
咳血,肺癌不咯血是不是情况好转了？,肺癌不咯血是不是说明变好了？,1
咳血,肺癌不咯血是不是情况好转了？,肺癌不咯血是不是情况好转了？,1
咳血,肺癌不咯血是不是情况好转了？,肺癌会不会咯血？,0
咳血,肺癌不咯血是不是情况好转了？,肺癌会导致咯血的情况吗？,0
咳血,肺癌不咯血是不是情况好转了？,肺癌和咯血有关系吗？,0
咳血,急性大咯血的症状有哪些？,急性大咯血会有什么症状呢？,1
咳血,急性大咯血的症状有哪些？,急性大咯血会出现什么样的症状？,1
咳血,急性大咯血的症状有哪些？,急性大咯血的种类有哪些？,0
咳血,急性大咯血的症状有哪些？,急性大咯血有哪些治疗方法？,0
咳血,急性大咯血的症状有哪些？,急性大咯血的原因是什么？,0
咳血,请问鸦胆子油软胶囊饭后吃还是饭前吃好？,请问鸦胆子油软胶囊什么时候吃比较好？,1
咳血,请问鸦胆子油软胶囊饭后吃还是饭前吃好？,请问鸦胆子油软胶囊适合饭前吃吗？,1
咳血,请问鸦胆子油软胶囊饭后吃还是饭前吃好？,请问鸦胆子油软胶囊有副作用吗？,0
咳血,请问鸦胆子油软胶囊饭后吃还是饭前吃好？,请问鸦胆子油软胶囊效果好不好？,0
咳血,请问鸦胆子油软胶囊饭后吃还是饭前吃好？,请问鸦胆子油软胶囊可以和其他药一起吃吗？,0
咳血,肾囊肿可以服用百令胶囊吗？,肾囊肿服用百令胶囊可以吗？,1
咳血,肾囊肿可以服用百令胶囊吗？,肾囊肿是否可以吃百令胶囊？,1
咳血,肾囊肿可以服用百令胶囊吗？,肾囊肿可以服用感冒药吗？,0
咳血,肾囊肿可以服用百令胶囊吗？,肾囊肿吃什么药好？,0
咳血,肾囊肿可以服用百令胶囊吗？,肾囊肿可以治疗吗？,0
咳血,同仁堂百补增力丸适应症有哪些效果好不好？,同仁堂百补增力丸适合什么样的症状？,1
咳血,同仁堂百补增力丸适应症有哪些效果好不好？,同仁堂百补增力丸的效果好吗？,1
咳血,同仁堂百补增力丸适应症有哪些效果好不好？,同仁堂百补增力丸有哪些副作用？,0
咳血,同仁堂百补增力丸适应症有哪些效果好不好？,同仁堂百补增力丸适应孕妇服用吗？,0
咳血,同仁堂百补增力丸适应症有哪些效果好不好？,同仁堂百补增力丸有哪些注意事项？,0
咳血,达仁堂益肺清化膏的用法用量是怎么样的？,达仁堂益肺清化膏是怎么使用的？,1
咳血,达仁堂益肺清化膏的用法用量是怎么样的？,达仁堂益肺清化膏如何服用？,1
咳血,达仁堂益肺清化膏的用法用量是怎么样的？,达仁堂益肺清化膏适合儿童服用吗？,0
咳血,达仁堂益肺清化膏的用法用量是怎么样的？,达仁堂益肺清化膏有什么副作用呢？,0
咳血,达仁堂益肺清化膏的用法用量是怎么样的？,达仁堂益肺清化膏的效果怎么样？,0
咳血,你好百令胶囊是苦的还是咸的？,你好百令胶囊是味道是怎样的？,1
咳血,你好百令胶囊是苦的还是咸的？,你好百令胶囊味道好吗，苦还是咸？,1
咳血,你好百令胶囊是苦的还是咸的？,你好百令胶囊是苦的还是咸的？,0
咳血,你好百令胶囊是苦的还是咸的？,您好百令胶囊怎么服用?,0
咳血,你好百令胶囊是苦的还是咸的？,你好百令胶囊的效果怎么样？,0
咳血,你好我想知道百令胶囊是怎么吃的？,你好我想知道百令胶囊是如何服用的呢？,1
咳血,你好我想知道百令胶囊是怎么吃的？,你好我想知道怎么服用百令胶囊？,1
咳血,你好我想知道百令胶囊是怎么吃的？,你好我想知道百令胶囊适应什么样的症状？,0
咳血,你好我想知道百令胶囊是怎么吃的？,你好我想知道百令胶囊可以和其他药物一起吃吗？,0
咳血,你好我想知道百令胶囊是怎么吃的？,你好我想知道百令胶囊感冒的时候可以吃吗？,0
咳血,请问百令胶囊一天吃多少？,请问百令胶囊一天需要服用多少呢？,1
咳血,请问百令胶囊一天吃多少？,请问百令胶囊是一日三次吗？,1
咳血,请问百令胶囊一天吃多少？,请问百令胶囊的效果怎么样？,0
咳血,请问百令胶囊一天吃多少？,请问百令胶囊是苦的还是咸的？,0
咳血,请问百令胶囊一天吃多少？,请问百令胶囊的注意事项是什么？,0
咳血,康尔佳益肺止咳胶囊发烧了是不是副作用？,康尔佳益肺止咳胶囊会不会产生发烧的副作用？,1
咳血,康尔佳益肺止咳胶囊发烧了是不是副作用？,康尔佳益肺止咳胶囊是不是会有发烧的不良反应？,1
咳血,康尔佳益肺止咳胶囊发烧了是不是副作用？,康尔佳益肺止咳胶囊有什么作用？,0
咳血,康尔佳益肺止咳胶囊发烧了是不是副作用？,康尔佳益肺止咳胶囊可以治疗发烧吗？,0
咳血,康尔佳益肺止咳胶囊发烧了是不是副作用？,康尔佳益肺止咳胶囊怎么服用？,0
咳血,立效止嗽立效丸药店比医院的便宜吗？,立效止嗽立效丸在药店买比医院更便宜吗？,1
咳血,立效止嗽立效丸药店比医院的便宜吗？,药店的立效止嗽立效丸的价格比医院的便宜一些吗？,1
咳血,立效止嗽立效丸药店比医院的便宜吗？,立效止嗽立效丸是在医院购买吗？,0
咳血,立效止嗽立效丸药店比医院的便宜吗？,立效止嗽立效丸药店有卖吗？,0
咳血,立效止嗽立效丸药店比医院的便宜吗？,立效止嗽立效丸效果？,0
咳血,抑扶健脾益肾颗粒的价格是多少？,抑扶健脾益肾颗粒多少钱？,1
咳血,抑扶健脾益肾颗粒的价格是多少？,抑扶健脾益肾颗粒需要多少钱？,1
咳血,抑扶健脾益肾颗粒的价格是多少？,抑扶健脾益肾颗粒的用量是多少？,0
咳血,抑扶健脾益肾颗粒的价格是多少？,抑扶健脾益肾颗粒如何服用？,0
咳血,抑扶健脾益肾颗粒的价格是多少？,抑扶健脾益肾颗粒的副作用是什么？,0
咳血,西黄胶囊可以治疗肺结节吗,西黄胶囊可不可以治疗肺结节吗,1
咳血,西黄胶囊可以治疗肺结节吗,西黄胶囊能治疗肺结节吗,1
咳血,西黄胶囊可以治疗肺结节吗,肺结节是呼吸系统疾病吗,0
咳血,西黄胶囊可以治疗肺结节吗,那种中成药可以治肺结节,0
咳血,西黄胶囊可以治疗肺结节吗,治疗肺结节需要手术吗,0
咳血,益肺清化颗粒一盒有多少袋能喝多久,益肺清化颗粒一盒有几袋能喝几天,1
咳血,益肺清化颗粒一盒有多少袋能喝多久,益肺清化颗粒一盒装几袋能喝多长时间,1
咳血,益肺清化颗粒一盒有多少袋能喝多久,益肺清化颗粒有什么作用,0
咳血,益肺清化颗粒一盒有多少袋能喝多久,益肺清化颗粒主要成分是什么,0
咳血,益肺清化颗粒一盒有多少袋能喝多久,有肺结节可以吃益肺清化颗粒吗,0
咳血,肺癌做过化疗后来复发病人咳得厉害怎么办,肺癌化疗后复发，咳得厉害有什么办法,1
咳血,肺癌做过化疗后来复发病人咳得厉害怎么办,化疗后肺癌又复发了，咳嗽厉害怎么治,1
咳血,肺癌做过化疗后来复发病人咳得厉害怎么办,肺癌做过化疗后还用输液吗,0
咳血,肺癌做过化疗后来复发病人咳得厉害怎么办,肺癌做过化疗后是不是需要加强营养,0
咳血,肺癌做过化疗后来复发病人咳得厉害怎么办,肺癌做过化疗后需要注意什么,0
咳血,"肾阴虚吃这三种,川黄口服液百令胶囊归和什么",肾阴虚吃川黄口服液百令胶囊归还有什么,1
咳血,"肾阴虚吃这三种,川黄口服液百令胶囊归和什么",肾阴虚吃川黄口服液百令胶囊归还有哪种药,1
咳血,"肾阴虚吃这三种,川黄口服液百令胶囊归和什么",肾阴虚的症状有哪些,0
咳血,"肾阴虚吃这三种,川黄口服液百令胶囊归和什么",肾阴虚吃什么食物能补,0
咳血,"肾阴虚吃这三种,川黄口服液百令胶囊归和什么",肾阴虚该怎样治疗,0
咳血,荷叶丸这个药有什么样的作用,荷叶丸这个药有什么作用,1
咳血,荷叶丸这个药有什么样的作用,荷叶丸的作用是什么,1
咳血,荷叶丸这个药有什么样的作用,荷叶丸属于中成药吗,0
咳血,荷叶丸这个药有什么样的作用,荷叶丸有清热和化瘀的功效吗,0
咳血,荷叶丸这个药有什么样的作用,荷叶丸是中药吗,0
咳血,秦巴止血胶囊可以治疗什么病,秦巴止血胶囊用于治疗什么病,1
咳血,秦巴止血胶囊可以治疗什么病,什么病可以吃秦巴止血胶囊,1
咳血,秦巴止血胶囊可以治疗什么病,秦巴止血胶囊可以治疗咳嗽吐血吗,0
咳血,秦巴止血胶囊可以治疗什么病,鼻子出血可以吃秦巴止血胶囊吗,0
咳血,秦巴止血胶囊可以治疗什么病,秦巴止血胶囊成分有哪些,0
咳血,秦巴止血胶囊的功能大吗,秦巴止血胶囊的功能有哪些,1
咳血,秦巴止血胶囊的功能大吗,秦巴止血胶囊的有哪些功能,1
咳血,秦巴止血胶囊的功能大吗,秦巴止血胶囊能治各种出血吗,0
咳血,秦巴止血胶囊的功能大吗,月经量大过多能吃秦巴止血胶囊吗,0
咳血,秦巴止血胶囊的功能大吗,秦巴止血胶囊治疗子宫肌瘤出血吗,0
咳血,肺癌能吃阿斯美复方甲氧那明胶囊吗,肺癌能不能吃阿斯美复方甲氧那明胶囊,1
咳血,肺癌能吃阿斯美复方甲氧那明胶囊吗,肺癌可以吃阿斯美复方甲氧那明胶囊吗,1
咳血,肺癌能吃阿斯美复方甲氧那明胶囊吗,阿斯美复方甲氧那明胶囊能长期服用吗,0
咳血,肺癌能吃阿斯美复方甲氧那明胶囊吗,哮喘可以吃阿斯美复方甲氧那明胶囊吗,0
咳血,肺癌能吃阿斯美复方甲氧那明胶囊吗,肺癌患者吃那种药能缓解咳嗽症状吗,0
咳血,阿斯美复方甲氧那明胶囊治疗咳嗽效果如何,阿斯美复方甲氧那明胶囊治疗咳嗽有效吗,1
咳血,阿斯美复方甲氧那明胶囊治疗咳嗽效果如何,阿斯美复方甲氧那明胶囊治疗咳嗽效果怎么样,1
咳血,阿斯美复方甲氧那明胶囊治疗咳嗽效果如何,长期服用阿斯美复方甲氧那明胶囊有哪些副作用,0
咳血,阿斯美复方甲氧那明胶囊治疗咳嗽效果如何,复方甲氧那明胶囊是治疗哮喘的常用药吗,0
咳血,阿斯美复方甲氧那明胶囊治疗咳嗽效果如何,阿斯美复方甲氧那明胶囊还治那种病,0
咳血,肝癌患者可以同时服用西黄胶囊和中药吗,肝癌患者能同时服用西黄胶囊和中药吗,1
咳血,肝癌患者可以同时服用西黄胶囊和中药吗,肝癌患者可以一块服用西黄胶囊和中药吗,1
咳血,肝癌患者可以同时服用西黄胶囊和中药吗,肝癌患者可以把保健品代替药吗,0
咳血,肝癌患者可以同时服用西黄胶囊和中药吗,西黄胶囊是中成药吗,0
咳血,肝癌患者可以同时服用西黄胶囊和中药吗,肝癌患者可以长期服用西黄胶囊吗,0
咳血,百令胶囊和补肺活血胶囊哪个好,百令胶囊和补肺活血胶囊哪个效果好,1
咳血,百令胶囊和补肺活血胶囊哪个好,百令胶囊和补肺活血胶囊哪个疗效好,1
咳血,百令胶囊和补肺活血胶囊哪个好,百令胶囊和补肺活血胶囊都能治肺结核吗,0
咳血,百令胶囊和补肺活血胶囊哪个好,百令胶囊和补肺活血胶囊能一起服用吗,0
咳血,百令胶囊和补肺活血胶囊哪个好,百令胶囊和补肺活血胶囊都是中药吗,0
咳血,哪个牌子的达肺草疗效比较好呢,达肺草哪个牌子疗效比较好呢,1
咳血,哪个牌子的达肺草疗效比较好呢,什么牌子的达肺草效果比较好呢,1
咳血,哪个牌子的达肺草疗效比较好呢,达肺草能治疗肺纤维化吗,0
咳血,哪个牌子的达肺草疗效比较好呢,达肺草对于治疗急慢性呼吸道疾病效果怎么样,0
咳血,哪个牌子的达肺草疗效比较好呢,达肺草属于中草药吗,0
咳血,同仁堂百补增力丸可以用来治疗哪些疾病,同仁堂百补增力丸可以治疗哪些疾病,1
咳血,同仁堂百补增力丸可以用来治疗哪些疾病,同仁堂百补增力丸适用哪些疾病,1
咳血,同仁堂百补增力丸可以用来治疗哪些疾病,脾胃不好的人可以吃同仁堂百补增力丸吗,0
咳血,同仁堂百补增力丸可以用来治疗哪些疾病,同仁堂百补增力丸的成分有哪些,0
咳血,同仁堂百补增力丸可以用来治疗哪些疾病,同仁堂百补增力丸是什么药,0
咳血,你好百令胶囊吃多久见效,百令胶囊吃多长时间见效,1
咳血,你好百令胶囊吃多久见效,百令胶囊服用几天可见成效,1
咳血,你好百令胶囊吃多久见效,气管炎可以吃百令胶囊吗,0
咳血,你好百令胶囊吃多久见效,百令胶囊能长期吃吗,0
咳血,你好百令胶囊吃多久见效,百令胶囊的十大功效是什么,0
咳血,咨询一下百令胶囊是处方药吗,咨询一下百令胶囊是非处方药吗,1
咳血,咨询一下百令胶囊是处方药吗,咨询一下百令胶囊是不是处方药,1
咳血,咨询一下百令胶囊是处方药吗,百令胶囊适用多大年龄的人,0
咳血,咨询一下百令胶囊是处方药吗,各大药店能买到百令胶囊吗,0
咳血,咨询一下百令胶囊是处方药吗,感冒咳嗽能吃百令胶囊吗,0
咳血,为什么小孩吃了富露施咳嗽更厉害了呢,小孩吃了富露施咳嗽更厉害了是为什么,1
咳血,为什么小孩吃了富露施咳嗽更厉害了呢,小孩吃了富露施咳嗽更厉害了是什么原因,1
咳血,为什么小孩吃了富露施咳嗽更厉害了呢,小孩感冒咳嗽能吃富露施吗,0
咳血,为什么小孩吃了富露施咳嗽更厉害了呢,多大的小孩可以吃富露施,0
咳血,为什么小孩吃了富露施咳嗽更厉害了呢,患有哮喘的孩子可以吃富露施吗,0
咳血,孕妇可以吃百补增力丸吗,孕妇能吃百补增力丸吗,1
咳血,孕妇可以吃百补增力丸吗,孕妇可以服用百补增力丸吗,1
咳血,孕妇可以吃百补增力丸吗,百补增力丸适合儿童吃吧,0
咳血,孕妇可以吃百补增力丸吗,百补增力丸主要用于开胃健脾吗,0
咳血,孕妇可以吃百补增力丸吗,患有高血压可以吃百补增力丸吗,0
咳血,血热月经淋漓半月可以吃断血流片吗,血热月经淋漓半月适合吃断血流片吗,1
咳血,血热月经淋漓半月可以吃断血流片吗,血热月经淋漓半月还能吃断血流片吗,1
咳血,血热月经淋漓半月可以吃断血流片吗,断血流片适应症有哪些,0
咳血,血热月经淋漓半月可以吃断血流片吗,断血流片是中药还是西药,0
咳血,血热月经淋漓半月可以吃断血流片吗,吃断血流片忌口吗,0
咳血,两岁半宝宝复方鲜竹沥液怎么用20ML,两岁半宝宝复方鲜竹沥液一次喝多少,1
咳血,两岁半宝宝复方鲜竹沥液怎么用20ML,两岁半宝宝复方鲜竹沥液一次喝20ML吗,1
咳血,两岁半宝宝复方鲜竹沥液怎么用20ML,两岁半宝宝感冒咳嗽能复方鲜竹沥液吗,0
咳血,两岁半宝宝复方鲜竹沥液怎么用20ML,复方鲜竹沥液成人一次喝多少毫升,0
咳血,两岁半宝宝复方鲜竹沥液怎么用20ML,宝宝扁桃体发炎能喝复方鲜竹沥液吗,0
咳血,鸦胆子油软胶囊对癌症晚期有用吗,鸦胆子油软胶囊对癌症晚期有效吗,1
咳血,鸦胆子油软胶囊对癌症晚期有用吗,癌症晚期吃鸦胆子油软胶囊还有用吗,1
咳血,鸦胆子油软胶囊对癌症晚期有用吗,感冒患者能用鸦胆子油软胶囊吗,0
咳血,鸦胆子油软胶囊对癌症晚期有用吗,鸦胆子油软胶囊是治疗什么病的,0
咳血,鸦胆子油软胶囊对癌症晚期有用吗,鸦胆子油软胶囊副作用大吗,0
咳血,肺内膜结核好了还吃补肺丸行吗,肺内膜结核好了还需要继续吃补肺丸吗,1
咳血,肺内膜结核好了还吃补肺丸行吗,肺内膜结核痊愈后还继续吃补肺丸吗,1
咳血,肺内膜结核好了还吃补肺丸行吗,只要是结核病都能吃补肺丸吗,0
咳血,肺内膜结核好了还吃补肺丸行吗,补肺丸主要治那种病,0
咳血,肺内膜结核好了还吃补肺丸行吗,肺内膜结核是怎么回事,0
咳血,百令胶囊的服用时间是怎么样的呢,百令胶囊的用法用量,1
咳血,百令胶囊的服用时间是怎么样的呢,百令胶囊一天吃几次,1
咳血,百令胶囊的服用时间是怎么样的呢,百令胶囊可以长期服用吗,0
咳血,百令胶囊的服用时间是怎么样的呢,长期服用百令胶囊有什么危害,0
咳血,百令胶囊的服用时间是怎么样的呢,百令胶囊禁忌高血压心脏病患者吗,0
咳血,服用鹤蟾片有什么不良反应,服用鹤蟾片有哪些不良反应,1
咳血,服用鹤蟾片有什么不良反应,服用鹤蟾片有哪些副作用,1
咳血,服用鹤蟾片有什么不良反应,鹤蟾片的功效有哪些,0
咳血,服用鹤蟾片有什么不良反应,鹤蟾片用于哪些病症,0
咳血,服用鹤蟾片有什么不良反应,鹤蟾片是中药还是西药,0
咳血,大补阴丸饭前服用还是饭后服用呢,大补阴丸的服用时间是饭前还是餐后,1
咳血,大补阴丸饭前服用还是饭后服用呢,大补阴丸应该在餐前还是饭后吃,1
咳血,大补阴丸饭前服用还是饭后服用呢,肺结核可以吃大补阴丸吗,0
咳血,大补阴丸饭前服用还是饭后服用呢,成人儿童都能服用大补阴丸吗,0
咳血,大补阴丸饭前服用还是饭后服用呢,大补阴丸对糖尿病有疗效吗,0
咳血,同仁堂二母宁嗽丸的疗效好不好,同仁堂二母宁嗽丸的疗效怎么样,1
咳血,同仁堂二母宁嗽丸的疗效好不好,同仁堂二母宁嗽丸的疗效好吗,1
咳血,同仁堂二母宁嗽丸的疗效好不好,怀孕的妈妈咳嗽可以吃同仁堂二母宁嗽丸吗,0
咳血,同仁堂二母宁嗽丸的疗效好不好,肺炎可以吃同仁堂二母宁嗽丸吗,0
咳血,同仁堂二母宁嗽丸的疗效好不好,服用同仁堂二母宁嗽丸有什么注意事项吗,0
咳血,大补阴丸多少钱可以买到一盒呢,大补阴丸多少钱一盒,1
咳血,大补阴丸多少钱可以买到一盒呢,大补阴丸一盒几块钱,1
咳血,大补阴丸多少钱可以买到一盒呢,大补阴丸各大药店有售吗,0
咳血,大补阴丸多少钱可以买到一盒呢,糖尿病患者吃大补阴丸的同时还可以吃别的药吗,0
咳血,大补阴丸多少钱可以买到一盒呢,吃大补阴丸需要忌吃那种食物吗,0
咳血,在徐州云龙区哪里有卖雷氏大补阴丸的呢,徐州云龙区哪里有售雷氏大补阴丸的,1
咳血,在徐州云龙区哪里有卖雷氏大补阴丸的呢,在徐州云龙区哪里可以买到雷氏大补阴丸的,1
咳血,在徐州云龙区哪里有卖雷氏大补阴丸的呢,雷氏大补阴丸有什么功效与作用,0
咳血,在徐州云龙区哪里有卖雷氏大补阴丸的呢,雷氏大补阴丸和大补阴丸的功效作用一样吗,0
咳血,在徐州云龙区哪里有卖雷氏大补阴丸的呢,服用雷氏大补阴丸忌辛辣食物吗,0
咳血,富露施乙酰半胱氨酸颗粒对身体的危害大吗,富露施乙酰半胱氨酸颗粒对身体有危害吗,1
咳血,富露施乙酰半胱氨酸颗粒对身体的危害大吗,富露施乙酰半胱氨酸颗粒对身体有影响吗,1
咳血,富露施乙酰半胱氨酸颗粒对身体的危害大吗,富露施乙酰半胱氨酸颗粒是治疗慢性支气管炎的吗,0
咳血,富露施乙酰半胱氨酸颗粒对身体的危害大吗,富露施乙酰半胱氨酸颗粒能和牛奶一起喝吗,0
咳血,富露施乙酰半胱氨酸颗粒对身体的危害大吗,服用富露施乙酰半胱氨酸颗粒需要忌口吗,0
咳血,银诺克利肺片买哪个厂家生产的好呢,银诺克利肺片选哪个生产厂家的好呢,1
咳血,银诺克利肺片买哪个厂家生产的好呢,银诺克利肺片效果好的厂家是哪个,1
咳血,银诺克利肺片买哪个厂家生产的好呢,银诺克利肺片能治肺结核吗,0
咳血,银诺克利肺片买哪个厂家生产的好呢,银诺克利肺片是不是中成药,0
咳血,银诺克利肺片买哪个厂家生产的好呢,吃银诺克利肺片副作用大吗,0
咳血,立先裸花紫珠胶囊有什么样的功效效果好吗,立先裸花紫珠胶囊有啥作用效果好吗,1
咳血,立先裸花紫珠胶囊有什么样的功效效果好吗,立先裸花紫珠胶囊的疗效好吗,1
咳血,立先裸花紫珠胶囊有什么样的功效效果好吗,什么体质的人群不宜立先裸花紫珠胶囊,0
咳血,立先裸花紫珠胶囊有什么样的功效效果好吗,立先裸花紫珠胶囊可用于呼吸道和消化道出血吗,0
咳血,立先裸花紫珠胶囊有什么样的功效效果好吗,急性传染性肝炎可以用立先裸花紫珠胶囊吗,0
咳血,葵花胃康灵胶囊哪个牌子比较好,胃康灵胶囊哪个牌子比较好,1
咳血,葵花胃康灵胶囊哪个牌子比较好,哪个牌子的胃康灵胶囊好,1
咳血,葵花胃康灵胶囊哪个牌子比较好,葵花胃康灵胶囊是专治胃病的药吗,0
咳血,葵花胃康灵胶囊哪个牌子比较好,胃溃疡可以用胃康灵胶囊效果怎么样,0
咳血,葵花胃康灵胶囊哪个牌子比较好,慢性浅表性胃炎可以服用葵花胃康灵胶囊吗,0
咳血,您好益肺清化颗粒是甜的吗,您好益肺清化颗粒甜不甜,1
咳血,您好益肺清化颗粒是甜的吗,您好益肺清化颗粒是不是甜的,1
咳血,您好益肺清化颗粒是甜的吗,有肺结节可以吃益肺清化颗粒吗,0
咳血,您好益肺清化颗粒是甜的吗,益肺清化颗粒有什么作用,0
咳血,您好益肺清化颗粒是甜的吗,益肺清化颗粒能缓解肺癌的症状吗,0
咳血,服用富露施可能会出现哪些不良反应,服用富露施会导致哪些不良反应呢,1
咳血,服用富露施可能会出现哪些不良反应,服用富露施会有哪些副作用,1
咳血,服用富露施可能会出现哪些不良反应,哮喘患者禁止服用富露施吗,0
咳血,服用富露施可能会出现哪些不良反应,服用富露施可以治疗急性支气管炎吗,0
咳血,服用富露施可能会出现哪些不良反应,富露施是一种祛痰药吗,0
咳血,消化不良能不能服用百补增力丸,消化不良能吃百补增力丸吗,1
咳血,消化不良能不能服用百补增力丸,百补增力丸能治消化不良吗,1
咳血,消化不良能不能服用百补增力丸,百补增力丸可治疗腰腿疼痛消化不良吗,0
咳血,消化不良能不能服用百补增力丸,百补增力丸是中成药处方药吗,0
咳血,消化不良能不能服用百补增力丸,可以长期服用百补增力丸吗,0
咳血,你好请问达肺草有哪些作用,你好请问达肺草有哪些功效,1
咳血,你好请问达肺草有哪些作用,你好请问达肺草有哪些疗效,1
咳血,你好请问达肺草有哪些作用,服用达肺草需要注意什么吗,0
咳血,你好请问达肺草有哪些作用,达肺草能和那种药同时服用,0
咳血,你好请问达肺草有哪些作用,达肺草治感冒咳嗽吗,0
咳血,服用达肺草需要注意什么吗,服用达肺草需要注意哪些事项,1
咳血,服用达肺草需要注意什么吗,服用达肺草注意事项有哪些,1
咳血,服用达肺草需要注意什么吗,达肺草是纯中药吗,0
咳血,服用达肺草需要注意什么吗,服用达肺草有什么不良反应,0
咳血,服用达肺草需要注意什么吗,患有肺癌，肺结核的病人都能服用达肺草吗,0
咳血,服用达肺草有什么注意事项呢,服用达肺草的注意事项有哪些,1
咳血,服用达肺草有什么注意事项呢,服用达肺草应该注意哪些事项,1
咳血,服用达肺草有什么注意事项呢,服用达肺草可以治什么病,0
咳血,服用达肺草有什么注意事项呢,患有三高的病人能服用达肺草吗,0
咳血,服用达肺草有什么注意事项呢,气管炎的患者需要服用达肺草吗,0
咳血,请问服用达肺草的不良反应有什么呢,请问服用达肺草的不良反应有哪些呢,1
咳血,请问服用达肺草的不良反应有什么呢,请问服用达肺草会导致什么样的副作用 ,1
咳血,请问服用达肺草的不良反应有什么呢,哮喘病人可以服用达肺草吗,0
咳血,请问服用达肺草的不良反应有什么呢,服用达肺草能吃辛辣油腻的食物吗,0
咳血,请问服用达肺草的不良反应有什么呢,肺癌病人可以长期服用达肺草吗,0
咳血,请问痰喘服用达肺草的效果怎么样呢,服用达肺草治疗痰喘的效果如何,1
咳血,请问痰喘服用达肺草的效果怎么样呢,请问痰喘服用达肺草的效果好吗,1
咳血,请问痰喘服用达肺草的效果怎么样呢,咳血能服用达肺草吗,0
咳血,请问痰喘服用达肺草的效果怎么样呢,服用达肺草的同时能吃别的药吗,0
咳血,请问痰喘服用达肺草的效果怎么样呢,达肺草能治疗肺纤维化吗,0
咳血,近期在吃达肺草痰中带血用这个效果好吗,最近吃达肺草这个药，治疗痰中有血效果怎么样,1
咳血,近期在吃达肺草痰中带血用这个效果好吗,服用达肺草治疗痰中带血的效果如何,1
咳血,近期在吃达肺草痰中带血用这个效果好吗,达肺草治疗慢性支气管炎效果如何,0
咳血,近期在吃达肺草痰中带血用这个效果好吗,达肺草痰治疗哮喘效果怎么样,0
咳血,近期在吃达肺草痰中带血用这个效果好吗,服用达肺草在饮食上有什么要求吗,0
支原体肺炎,小儿肺炎支原体肺炎有后遗症吗,小儿肺炎支原体肺炎会留下后遗症吗？,1
支原体肺炎,小儿肺炎支原体肺炎有后遗症吗,小儿肺炎支原体肺炎有没有后遗症?,1
支原体肺炎,小儿肺炎支原体肺炎有后遗症吗,儿童支原体肺炎复发率高不？,0
支原体肺炎,小儿肺炎支原体肺炎有后遗症吗,支原体肺炎可以自愈吗？,0
支原体肺炎,小儿肺炎支原体肺炎有后遗症吗,小儿支原体肺炎好治不？,0
支原体肺炎,治支原体肺炎红霉素好不好,治支原体肺炎用红霉素好吗？,1
支原体肺炎,治支原体肺炎红霉素好不好,治支原体肺炎服用红霉素好不好？,1
支原体肺炎,治支原体肺炎红霉素好不好,支原体肺炎打几天红霉素能好嘛？,0
支原体肺炎,治支原体肺炎红霉素好不好,支原体肺炎用头孢吗？,0
支原体肺炎,治支原体肺炎红霉素好不好,支原体肺炎治疗要多长时间用红霉素？,0
支原体肺炎,肺炎支原体是阳性是怎么引起的,肺炎支原体阳性是什么引起的？,1
支原体肺炎,肺炎支原体是阳性是怎么引起的,肺炎支原体阳性是什么原因导致的？,1
支原体肺炎,肺炎支原体是阳性是怎么引起的,肺炎支原体阳性的症状有哪些？,0
支原体肺炎,肺炎支原体是阳性是怎么引起的,肺炎支原体阳性传染么？,0
支原体肺炎,肺炎支原体是阳性是怎么引起的,肺炎支原体衣原体阳性是什么意思？,0
支原体肺炎,支原体肺炎症状有哪些？,支原体肺炎的症状有什么？,1
支原体肺炎,支原体肺炎症状有哪些？,支原体肺炎表现有哪些？,1
支原体肺炎,支原体肺炎症状有哪些？,支原体肺炎有哪些治疗措施？,0
支原体肺炎,支原体肺炎症状有哪些？,支原体肺炎有哪些好的疗法？,0
支原体肺炎,支原体肺炎症状有哪些？,支原体肺炎检查有哪些？,0
支原体肺炎,支原体肺炎怎样治疗和食疗,支原体感染引发的肺炎如何治疗以及食疗呀？,1
支原体肺炎,支原体肺炎怎样治疗和食疗,怎样治疗和如何食疗支原体肺炎？,1
支原体肺炎,支原体肺炎怎样治疗和食疗,肺炎支原体感染症状是什么？,0
支原体肺炎,支原体肺炎怎样治疗和食疗,什么是肺炎支原体感染？,0
支原体肺炎,支原体肺炎怎样治疗和食疗,肺炎支原体感染需要住院吗？,0
支原体肺炎,小孩支原体肺炎会传染吗,小孩支原体肺炎是否传染？,1
支原体肺炎,小孩支原体肺炎会传染吗,小孩支原体肺炎会不会传染？,1
支原体肺炎,小孩支原体肺炎会传染吗,小孩支原体肺炎的症状有哪些啊？,0
支原体肺炎,小孩支原体肺炎会传染吗,小孩支原体肺炎严重吗？,0
支原体肺炎,小孩支原体肺炎会传染吗,小孩支原体肺炎多久能好？,0
支原体肺炎,小儿支原体肺炎怎样能彻底治愈,小儿支原体肺炎如何根治？,1
支原体肺炎,小儿支原体肺炎怎样能彻底治愈,小儿支原体肺炎怎样可以彻底治好？,1
支原体肺炎,小儿支原体肺炎怎样能彻底治愈,小孩支原体肺炎多久能痊愈？,0
支原体肺炎,小儿支原体肺炎怎样能彻底治愈,如何诊断小儿支原体肺炎？,0
支原体肺炎,小儿支原体肺炎怎样能彻底治愈,小儿支原体肺炎有哪些病症？,0
支原体肺炎,得支原体肺炎怎么办啊？,得支原体肺炎如何是好？,1
支原体肺炎,得支原体肺炎怎么办啊？,得支原体肺炎怎么治疗？,1
支原体肺炎,得支原体肺炎怎么办啊？,支原体肺炎是什么？,0
支原体肺炎,得支原体肺炎怎么办啊？,支原体肺炎怎么诊断？,0
支原体肺炎,得支原体肺炎怎么办啊？,得支原体肺炎传染吗？,0
支原体肺炎,小儿肺炎支原体抗体弱阳性？,小儿肺炎支原体抗体弱阳性是什么意思？,1
支原体肺炎,小儿肺炎支原体抗体弱阳性？,小儿肺炎支原体抗体弱阳性的含义是什么？,1
支原体肺炎,小儿肺炎支原体抗体弱阳性？,肺炎支原体弱阳性怎么治疗？,0
支原体肺炎,小儿肺炎支原体抗体弱阳性？,儿童肺炎支原体抗体弱阳性严重吗？,0
支原体肺炎,小儿肺炎支原体抗体弱阳性？,儿童肺炎支原体抗体阳性吃什么药？,0
支原体肺炎,小儿支原体肺炎治愈后的咳嗽,支原体肺炎痊愈后还会咳嗽吗？,1
支原体肺炎,小儿支原体肺炎治愈后的咳嗽,支原体肺炎痊愈后会不会还咳嗽？,1
支原体肺炎,小儿支原体肺炎治愈后的咳嗽,支原体肺炎康复期咳嗽怎么办？,0
支原体肺炎,小儿支原体肺炎治愈后的咳嗽,支原体感染肺炎好治疗吗？,0
支原体肺炎,小儿支原体肺炎治愈后的咳嗽,小孩支原体肺炎咳嗽可以吃鸽子吗？,0
支原体肺炎,小儿推拿能治疗支原体肺炎吗,小儿推拿能否治疗支原体肺炎？,1
支原体肺炎,小儿推拿能治疗支原体肺炎吗,小儿推拿可以治支原体肺炎吗？,1
支原体肺炎,小儿推拿能治疗支原体肺炎吗,孩子支原体咳嗽有什么按摩方法？,0
支原体肺炎,小儿推拿能治疗支原体肺炎吗,孩子支原体咳嗽怎么回事？,0
支原体肺炎,小儿推拿能治疗支原体肺炎吗,孩子支原体咳嗽吃什么好？,0
支原体肺炎,小孩得了支原体肺炎用什么药治最好？,小孩得了支原体肺炎什么药效果好？,1
支原体肺炎,小孩得了支原体肺炎用什么药治最好？,小孩得了支原体肺炎用什么药最管用？,1
支原体肺炎,小孩得了支原体肺炎用什么药治最好？,小儿支原体肺炎一般如何医治？,0
支原体肺炎,小孩得了支原体肺炎用什么药治最好？,小孩支原体肺炎严重吗？,0
支原体肺炎,小孩得了支原体肺炎用什么药治最好？,小孩支原体肺炎饮食上吃什么好？,0
支原体肺炎,你家小孩子得了支原体肺炎怎么办？,孩子得了支原体肺炎怎么办才好？,1
支原体肺炎,你家小孩子得了支原体肺炎怎么办？,你家小孩子得了支原体肺炎该怎么做？,1
支原体肺炎,你家小孩子得了支原体肺炎怎么办？,小孩子得了支原体肺炎会传染吗？,0
支原体肺炎,你家小孩子得了支原体肺炎怎么办？,得了支原体肺炎有什么症状？,0
支原体肺炎,你家小孩子得了支原体肺炎怎么办？,支原体肺炎能治好吗？,0
支原体肺炎,如何正规治疗小儿支原体肺炎,怎么正规治疗小儿支原体肺炎？,1
支原体肺炎,如何正规治疗小儿支原体肺炎,正规治疗小儿支原体肺炎怎么治？,1
支原体肺炎,如何正规治疗小儿支原体肺炎,小儿支原体肺炎的后果是什么？,0
支原体肺炎,如何正规治疗小儿支原体肺炎,小儿支原体肺炎症状有哪些？,0
支原体肺炎,如何正规治疗小儿支原体肺炎,小儿支原体肺炎如何预防？,0
支原体肺炎,支原体肺炎的症状及治疗方法是什么,支原体肺炎有什么症状治疗支原体肺炎的方法有哪些?,1
支原体肺炎,支原体肺炎的症状及治疗方法是什么,支原体肺炎有哪些症状有什么治疗方法？,1
支原体肺炎,支原体肺炎的症状及治疗方法是什么,肺炎衣原体与肺炎支原体有什么区别？,0
支原体肺炎,支原体肺炎的症状及治疗方法是什么,肺炎支原体培养及药敏的检验单怎么看？,0
支原体肺炎,支原体肺炎的症状及治疗方法是什么,小儿支原体与小儿支原体肺炎相同吗？,0
支原体肺炎,宝宝支原体肺炎感染的症状有哪些？,宝宝肺炎支原体感染的症状是什么？,1
支原体肺炎,宝宝支原体肺炎感染的症状有哪些？,宝宝支原体肺炎感染有什么症状？,1
支原体肺炎,宝宝支原体肺炎感染的症状有哪些？,宝宝肺炎支原体感染多久能好？,0
支原体肺炎,宝宝支原体肺炎感染的症状有哪些？,宝宝肺炎支原体感染要住院?,0
支原体肺炎,宝宝支原体肺炎感染的症状有哪些？,宝宝肺炎支原体感染用什么方法治疗？,0
支原体肺炎,肺炎支原体肺炎怎么治疗,怎么治疗肺炎支原体肺炎？,1
支原体肺炎,肺炎支原体肺炎怎么治疗,肺炎支原体肺炎如何治疗？,1
支原体肺炎,肺炎支原体肺炎怎么治疗,支原体肺炎表现有哪些？,0
支原体肺炎,肺炎支原体肺炎怎么治疗,支原体肺炎可以自愈吗？,0
支原体肺炎,肺炎支原体肺炎怎么治疗,肺炎支原体感染症状是什么？,0
支原体肺炎,支原体肺炎要怎么诊断检查,怎么诊断检查支原体肺炎？,1
支原体肺炎,支原体肺炎要怎么诊断检查,怎么能诊断检查出支原体肺炎？,1
支原体肺炎,支原体肺炎要怎么诊断检查,"肺炎支原体,需要怎么治疗？",0
支原体肺炎,支原体肺炎要怎么诊断检查,支原体肺炎抽血检查要空腹吗？,0
支原体肺炎,支原体肺炎要怎么诊断检查,如何看支原体肺炎检查报告？,0
支原体肺炎,请问顺尔宁能治疗支原体肺炎吗,顺尔宁能不能治疗支原体肺炎？,1
支原体肺炎,请问顺尔宁能治疗支原体肺炎吗,治疗支原体肺炎可以用顺尔宁吗？,1
支原体肺炎,请问顺尔宁能治疗支原体肺炎吗,顺尔宁有什么副作用？,0
支原体肺炎,请问顺尔宁能治疗支原体肺炎吗,支原体肺炎有什么症状？,0
支原体肺炎,请问顺尔宁能治疗支原体肺炎吗,治疗支原体肺炎的方法有哪些?,0
支原体肺炎,小儿支原体肺炎有什么症状,小儿支原体肺炎的症状有哪些？,1
支原体肺炎,小儿支原体肺炎有什么症状,小儿支原体肺炎症状是什么？,1
支原体肺炎,小儿支原体肺炎有什么症状,小儿支原体肺炎怎么治？,0
支原体肺炎,小儿支原体肺炎有什么症状,小儿支原体肺炎怎么办？,0
支原体肺炎,小儿支原体肺炎有什么症状,什么是肺炎支原体感染？,0
支原体肺炎,肺炎支原体发高烧怎么办,肺炎支原体发高烧如何是好？,1
支原体肺炎,肺炎支原体发高烧怎么办,肺炎支原体发高烧怎么处理？,1
支原体肺炎,肺炎支原体发高烧怎么办,请问支原体感染有什么症状？,0
支原体肺炎,肺炎支原体发高烧怎么办,发高烧肺炎支原体感染怎么治疗？,0
支原体肺炎,肺炎支原体发高烧怎么办,肺炎支原体发烧几天？,0
支原体肺炎,肺炎支原体发高烧怎么办,肺炎支原体发高烧如何处理？,1
支原体肺炎,肺炎支原体发高烧怎么办,肺炎支原体发高烧不退该怎么做？,1
支原体肺炎,肺炎支原体发高烧怎么办,肺炎支原体发高烧严重吗？,0
支原体肺炎,肺炎支原体发高烧怎么办,肺炎支原体发高烧能吃退烧药吗？,0
支原体肺炎,肺炎支原体发高烧怎么办,肺炎支原体有什么症状？,0
支原体肺炎,肺炎支原体弱阳性怎么治疗最佳,怎么治疗肺炎支原体弱阳性最好？,1
支原体肺炎,肺炎支原体弱阳性怎么治疗最佳,如何治肺炎支原体弱阳性效果好？,1
支原体肺炎,肺炎支原体弱阳性怎么治疗最佳,肺炎支原体弱阳性是什么意思？,0
支原体肺炎,肺炎支原体弱阳性怎么治疗最佳,肺炎支原体弱阳性有什么症状？,0
支原体肺炎,肺炎支原体弱阳性怎么治疗最佳,肺炎支原体弱阳性能治愈吗？,0
支原体肺炎,小儿支原体肺炎的复查咨询,小儿支原体肺炎需要复查吗？,1
支原体肺炎,小儿支原体肺炎的复查咨询,小儿支原体肺炎有必要复查吗？,1
支原体肺炎,小儿支原体肺炎的复查咨询,小儿支原体肺炎必须输液吗？,0
支原体肺炎,小儿支原体肺炎的复查咨询,支原体肺炎早期症状有哪些?,0
支原体肺炎,小儿支原体肺炎的复查咨询,支原体肺炎怎么检查呢？,0
支原体肺炎,儿童支原体肺炎阿奇霉素吃几个疗程,儿童支原体肺炎需要吃阿奇霉素几个疗程？,1
支原体肺炎,儿童支原体肺炎阿奇霉素吃几个疗程,儿童支原体肺炎吃几个疗程的阿奇霉素能好？,1
支原体肺炎,儿童支原体肺炎阿奇霉素吃几个疗程,支原体肺炎吃阿奇霉素有副作用吗？,0
支原体肺炎,儿童支原体肺炎阿奇霉素吃几个疗程,小孩支原体肺炎对阿奇霉素有依赖吗？,0
支原体肺炎,儿童支原体肺炎阿奇霉素吃几个疗程,支原体肺炎是用阿奇霉素吗？,0
支原体肺炎,儿童支原体肺炎阿奇霉素吃几个疗程,请问儿童支原体肺炎阿奇霉素需要吃几个疗程？,1
支原体肺炎,儿童支原体肺炎阿奇霉素吃几个疗程,治疗儿童支原体肺炎阿奇霉素要吃几个疗程药？,1
支原体肺炎,儿童支原体肺炎阿奇霉素吃几个疗程,儿童支原体肺炎阿奇霉素会有副作用吗？,0
支原体肺炎,儿童支原体肺炎阿奇霉素吃几个疗程,儿童支原体肺炎吃阿奇霉素过量了怎么办？,0
支原体肺炎,儿童支原体肺炎阿奇霉素吃几个疗程,儿童支原体肺炎吃什么药好？,0
支原体肺炎,5岁宝宝支原体肺炎咳嗽厉害，不发烧,5岁宝宝支原体肺炎咳嗽厉害，不发烧怎么办？,1
支原体肺炎,5岁宝宝支原体肺炎咳嗽厉害，不发烧,5岁宝宝支原体肺炎咳嗽厉害，不发烧如何是好？,1
支原体肺炎,5岁宝宝支原体肺炎咳嗽厉害，不发烧,五岁宝宝咳嗽支原体肺炎吃什么药呢？,0
支原体肺炎,5岁宝宝支原体肺炎咳嗽厉害，不发烧,宝宝发烧肺炎支原体是阳性怎么办？,0
支原体肺炎,5岁宝宝支原体肺炎咳嗽厉害，不发烧,肺炎支原体感染也会发热?,0
支原体肺炎,小儿支原体肺炎吃莫西沙星吗？,支原体感染可以吃莫西沙星片吗?,1
支原体肺炎,小儿支原体肺炎吃莫西沙星吗？,小儿支原体肺炎能否吃莫西沙星？,1
支原体肺炎,小儿支原体肺炎吃莫西沙星吗？,小儿支原体肺炎有什么症状呢？,0
支原体肺炎,小儿支原体肺炎吃莫西沙星吗？,小儿支原体肺炎常见吗？,0
支原体肺炎,小儿支原体肺炎吃莫西沙星吗？,小儿支原体肺炎难治吗？,0
支原体肺炎,小儿支原体肺炎的治疗方法及治疗周期,"小儿支原体肺炎一般如何医治,多长时间能好？",1
支原体肺炎,小儿支原体肺炎的治疗方法及治疗周期,小儿支原体肺炎怎么治需要治疗多长时间？,1
支原体肺炎,小儿支原体肺炎的治疗方法及治疗周期,支原体感染能断根吗？,0
支原体肺炎,小儿支原体肺炎的治疗方法及治疗周期,小儿支原体肺炎有什么症状呢？,0
支原体肺炎,小儿支原体肺炎的治疗方法及治疗周期,小儿支原体肺炎传染吗？,0
支原体肺炎,孩子支原体肺炎治好以后会复发吗,小孩得支原体肺炎好了会复发吗？,1
支原体肺炎,孩子支原体肺炎治好以后会复发吗,小孩得支原体肺炎治愈后还复发吗？,1
支原体肺炎,孩子支原体肺炎治好以后会复发吗,小孩支原体肺炎怎么办？,0
支原体肺炎,孩子支原体肺炎治好以后会复发吗,儿童支原体肺炎会传染吗？,0
支原体肺炎,孩子支原体肺炎治好以后会复发吗,孩子支原体肺炎好了后如何增加营养？,0
支原体肺炎,衣原体肺炎和支原体肺炎哪个严重,支原体肺炎和衣原体肺炎哪个比较严重？,1
支原体肺炎,衣原体肺炎和支原体肺炎哪个严重,支原体肺炎和衣原体肺炎哪一种严重些？,1
支原体肺炎,衣原体肺炎和支原体肺炎哪个严重,支原体和衣原体是怎么感染的？,0
支原体肺炎,衣原体肺炎和支原体肺炎哪个严重,支原体感染和衣原体感染有什么区别？,0
支原体肺炎,衣原体肺炎和支原体肺炎哪个严重,儿童支原体衣原体感染的症状是什么？,0
支原体肺炎,小儿支原体肺炎怎么样治疗,小儿支原体肺炎如何治疗？,1
支原体肺炎,小儿支原体肺炎怎么样治疗,怎样治疗小儿支原体肺炎？,1
支原体肺炎,小儿支原体肺炎怎么样治疗,小儿支原体肺炎严重吗？,0
支原体肺炎,小儿支原体肺炎怎么样治疗,小儿支原体肺炎有什么症状呢？,0
支原体肺炎,小儿支原体肺炎怎么样治疗,小儿支原体肺炎的注意事项是什么？,0
支原体肺炎,太儿欣罗红霉素干混悬剂怎么吃,太儿欣罗红霉素干混悬剂用法用量是什么？,1
支原体肺炎,太儿欣罗红霉素干混悬剂怎么吃,如何服用太儿欣罗红霉素干混悬剂？,1
支原体肺炎,太儿欣罗红霉素干混悬剂怎么吃,常吃太儿欣罗红霉素干混悬剂有什么样的副作用？,0
支原体肺炎,太儿欣罗红霉素干混悬剂怎么吃,六个月宝宝吃太儿欣罗红霉素吐了正常吗？,0
支原体肺炎,太儿欣罗红霉素干混悬剂怎么吃,罗红霉素对小孩眼睛有刺激吗？,0
支原体肺炎,治疗支原体肺炎哪种药为首选,治疗支原体肺炎首选哪种药为好？,1
支原体肺炎,治疗支原体肺炎哪种药为首选,哪种药治疗支原体肺炎最好？,1
支原体肺炎,治疗支原体肺炎哪种药为首选,治疗支原体肺炎的方法有哪些?,0
支原体肺炎,治疗支原体肺炎哪种药为首选,支原体肺炎有什么症状？,0
支原体肺炎,治疗支原体肺炎哪种药为首选,支原体肺炎会发生病变吗？,0
支原体肺炎,小儿支原体肺炎咳嗽吃什么药好,小儿支原体肺炎咳嗽该吃什么药？,1
支原体肺炎,小儿支原体肺炎咳嗽吃什么药好,小儿支原体肺炎咳嗽吃什么药有效？,1
支原体肺炎,小儿支原体肺炎咳嗽吃什么药好,小儿支原体肺炎咳嗽怎么办？,0
支原体肺炎,小儿支原体肺炎咳嗽吃什么药好,小儿支原体肺炎咳嗽的病因是什么？,0
支原体肺炎,小儿支原体肺炎咳嗽吃什么药好,小儿支原体肺炎咳嗽怎么治？,0
支原体肺炎,支原体肺炎吃什么药好?,支原体肺炎吃什么药管用?,1
支原体肺炎,支原体肺炎吃什么药好?,支原体肺炎适宜服用什么药?,1
支原体肺炎,支原体肺炎吃什么药好?,支原体肺炎怎么治?,0
支原体肺炎,支原体肺炎吃什么药好?,支原体肺炎有哪些症状?,0
支原体肺炎,支原体肺炎吃什么药好?,支原体肺炎有潜伏期吗?,0
支原体肺炎,如何缓解小儿支原体肺炎引起的咳嗽？,缓解小儿支原体肺炎引起的咳嗽有什么方法？,1
支原体肺炎,如何缓解小儿支原体肺炎引起的咳嗽？,怎么缓解小儿支原体肺炎引起的咳嗽？,1
支原体肺炎,如何缓解小儿支原体肺炎引起的咳嗽？,小儿支原体肺炎会引发咳嗽吗？,0
支原体肺炎,如何缓解小儿支原体肺炎引起的咳嗽？,小儿支原体肺炎有哪些症状？,0
支原体肺炎,如何缓解小儿支原体肺炎引起的咳嗽？,如何治疗小儿支原体肺炎？,0
支原体肺炎,支原体肺炎一定会得哮喘吗,支原体肺炎是不是一定会得哮喘？,1
支原体肺炎,支原体肺炎一定会得哮喘吗,支原体肺炎会引发哮喘吗？,1
支原体肺炎,支原体肺炎一定会得哮喘吗,支原体肺炎伴轻微哮喘怎么治?,0
支原体肺炎,支原体肺炎一定会得哮喘吗,哮喘被误诊成支原体肺炎的原因是什么？,0
支原体肺炎,支原体肺炎一定会得哮喘吗,哮喘治疗有什么其他的中医方法吗？,0
支原体肺炎,婴幼儿支原体肺炎感染能治好吗,婴幼儿感染支原体肺炎能否治愈？,1
支原体肺炎,婴幼儿支原体肺炎感染能治好吗,宝宝肺炎支原体感染可以治好吗？,1
支原体肺炎,婴幼儿支原体肺炎感染能治好吗,肺炎支原体感染的症状是什么？,0
支原体肺炎,婴幼儿支原体肺炎感染能治好吗,宝宝支原体肺炎感染有什么方法治疗？,0
支原体肺炎,婴幼儿支原体肺炎感染能治好吗,婴儿支原体肺炎的症状有哪些？,0
支原体肺炎,什么是支原体小儿肺炎？,如何定义支原体小儿肺炎？,1
支原体肺炎,什么是支原体小儿肺炎？,支原体小儿肺炎是什么意思？,1
支原体肺炎,什么是支原体小儿肺炎？,支原体小儿肺炎有哪些症状？,0
支原体肺炎,什么是支原体小儿肺炎？,怎么治疗支原体小儿肺炎？,0
支原体肺炎,什么是支原体小儿肺炎？,支原体小儿肺炎能吃什么药？,0
支原体肺炎,婴儿吃阿奇霉素会引起吐奶吗？,婴儿吃阿奇霉素造成吐奶吗？,1
支原体肺炎,婴儿吃阿奇霉素会引起吐奶吗？,吃阿奇霉素会导致宝宝吐奶吗？,1
支原体肺炎,婴儿吃阿奇霉素会引起吐奶吗？,阿奇霉素适合什么人群服用？,0
支原体肺炎,婴儿吃阿奇霉素会引起吐奶吗？,婴儿吃阿奇霉素会有什么不良反应吗？,0
支原体肺炎,婴儿吃阿奇霉素会引起吐奶吗？,阿奇霉素能治好小儿支原体肺炎吗？,0
支原体肺炎,宝宝是否得了新生儿支原体肺炎？,怎么确定宝宝得了肺炎支原体？,1
支原体肺炎,宝宝是否得了新生儿支原体肺炎？,如何诊断宝宝得了肺炎支原体？,1
支原体肺炎,宝宝是否得了新生儿支原体肺炎？,婴儿支原体肺炎的症状有哪些？,0
支原体肺炎,宝宝是否得了新生儿支原体肺炎？,宝宝支原体肺炎怎么治疗？,0
支原体肺炎,宝宝是否得了新生儿支原体肺炎？,宝宝得了肺炎，为什么要查衣原体和支原体？,0
支原体肺炎,小儿支原体肺炎能用中医治疗吗？,中医能否医治小儿支原体肺炎？,1
支原体肺炎,小儿支原体肺炎能用中医治疗吗？,小儿支原体肺炎可以通过中医治疗吗？,1
支原体肺炎,小儿支原体肺炎能用中医治疗吗？,小儿支原体肺炎有哪些治疗方法？,0
支原体肺炎,小儿支原体肺炎能用中医治疗吗？,小儿支原体肺炎是什么病？,0
支原体肺炎,小儿支原体肺炎能用中医治疗吗？,小儿支原体肺炎饮食需要注意什么？,0
支原体肺炎,造成小儿支原体肺炎的原因有哪些？,小儿支原体肺炎的病因是什么？,1
支原体肺炎,造成小儿支原体肺炎的原因有哪些？,引发小儿支原体肺炎的因素有哪些？,1
支原体肺炎,造成小儿支原体肺炎的原因有哪些？,小儿支原体肺炎能否自愈？,0
支原体肺炎,造成小儿支原体肺炎的原因有哪些？,小儿支原体肺炎吃什么药效果好？,0
支原体肺炎,造成小儿支原体肺炎的原因有哪些？,小儿肺炎支原体严重吗？,0
支原体肺炎,小儿支原体肺炎饮食需要注意什么？,小儿支原体肺炎饮食上有什么需要注意的？,1
支原体肺炎,小儿支原体肺炎饮食需要注意什么？,小儿支原体肺炎饮食的注意事项是什么？,1
支原体肺炎,小儿支原体肺炎饮食需要注意什么？,小儿支原体肺炎有哪些症状？,0
支原体肺炎,小儿支原体肺炎饮食需要注意什么？,小儿支原体肺炎是什么病？,0
支原体肺炎,小儿支原体肺炎饮食需要注意什么？,小儿支原体肺炎能根治吗？,0
支原体肺炎,小儿支原体肺炎食疗是怎么样的？,小儿支原体肺炎如何食疗？,1
支原体肺炎,小儿支原体肺炎食疗是怎么样的？,小儿支原体肺炎有什么食疗办法？,1
支原体肺炎,小儿支原体肺炎食疗是怎么样的？,小儿支原体肺炎饮食需要注意什么？,0
支原体肺炎,小儿支原体肺炎食疗是怎么样的？,小儿支原体肺炎有什么症状？,0
支原体肺炎,小儿支原体肺炎食疗是怎么样的？,小儿支原体肺炎能吃什么药？,0
支原体肺炎,小儿支原体肺炎护理需要注意什么？,小儿支原体肺炎护理期间有什么需要注意？,1
支原体肺炎,小儿支原体肺炎护理需要注意什么？,小儿支原体肺炎护理有什么注意事项？,1
支原体肺炎,小儿支原体肺炎护理需要注意什么？,小儿肺炎支原体阳性输液几天能康复？,0
支原体肺炎,小儿支原体肺炎护理需要注意什么？,小儿支原体肺炎治愈标准是什么？,0
支原体肺炎,小儿支原体肺炎护理需要注意什么？,支原体肺炎治愈后会复发吗？,0
支原体肺炎,小儿支原体肺炎的治疗方法有哪些？,小儿支原体肺炎有什么治疗方法？,1
支原体肺炎,小儿支原体肺炎的治疗方法有哪些？,小儿支原体肺炎的治疗方法是什么？,1
支原体肺炎,小儿支原体肺炎的治疗方法有哪些？,小儿支原体肺炎有哪些症状？,0
支原体肺炎,小儿支原体肺炎的治疗方法有哪些？,如何诊断小儿支原体肺炎？,0
支原体肺炎,小儿支原体肺炎的治疗方法有哪些？,小儿支原体肺炎吃什么食物合适？,0
支原体肺炎,小儿支原体肺炎的症状是什么？,小儿支原体肺炎有哪些症状？,1
支原体肺炎,小儿支原体肺炎的症状是什么？,小儿支原体肺炎有什么样的症状？,1
支原体肺炎,小儿支原体肺炎的症状是什么？,怎么治疗小儿支原体肺炎？,0
支原体肺炎,小儿支原体肺炎的症状是什么？,小儿支原体肺炎会传染吗？,0
支原体肺炎,小儿支原体肺炎的症状是什么？,小儿支原体肺炎吃什么药有效果？,0
支原体肺炎,小儿支原体肺炎的饮食需要注意吗？,小儿支原体肺炎的饮食有什么要注意的？,1
支原体肺炎,小儿支原体肺炎的饮食需要注意吗？,小儿支原体肺炎的饮食注意事项是什么？,1
支原体肺炎,小儿支原体肺炎的饮食需要注意吗？,如何诊断小儿支原体肺炎？,0
支原体肺炎,小儿支原体肺炎的饮食需要注意吗？,怎么治疗小儿支原体肺炎？,0
支原体肺炎,小儿支原体肺炎的饮食需要注意吗？,小儿支原体肺炎如何食疗？,0
支原体肺炎,小儿支原体肺炎的护理是怎么样的？,小儿支原体肺炎怎么护理？,1
支原体肺炎,小儿支原体肺炎的护理是怎么样的？,小儿支原体肺炎是如何护理的？,1
支原体肺炎,小儿支原体肺炎的护理是怎么样的？,小儿支原体肺炎怎么预防？,0
支原体肺炎,小儿支原体肺炎的护理是怎么样的？,治疗小儿支原体肺炎有什么方法？,0
支原体肺炎,小儿支原体肺炎的护理是怎么样的？,小儿支原体肺炎有哪些病症？,0
支原体肺炎,小儿支原体肺炎传染吗？,小儿支原体肺炎会不会传染？,1
支原体肺炎,小儿支原体肺炎传染吗？,小儿支原体肺炎会传染给别人吗？,1
支原体肺炎,小儿支原体肺炎传染吗？,小儿支原体肺炎是怎么传播的？,0
支原体肺炎,小儿支原体肺炎传染吗？,小儿支原体肺炎的症状有哪些？,0
支原体肺炎,小儿支原体肺炎传染吗？,怎么治疗小儿支原体肺炎？,0
支原体肺炎,小儿支原体肺炎但是不咳嗽，严重吗？,小儿支原体肺炎但是不咳嗽，要不要紧？,1
支原体肺炎,小儿支原体肺炎但是不咳嗽，严重吗？,小儿支原体肺炎但是不咳嗽，是否严重？,1
支原体肺炎,小儿支原体肺炎但是不咳嗽，严重吗？,小儿支原体肺炎有什么症状？,0
支原体肺炎,小儿支原体肺炎但是不咳嗽，严重吗？,怎么检查诊断小儿支原体肺炎？,0
支原体肺炎,小儿支原体肺炎但是不咳嗽，严重吗？,小儿支原体肺炎怎么治？,0
支原体肺炎,中医可以治疗小儿支原体肺炎吗？,中医能治小儿支原体肺炎吗？,1
支原体肺炎,中医可以治疗小儿支原体肺炎吗？,中医能否治疗小儿支原体肺炎？,1
支原体肺炎,中医可以治疗小儿支原体肺炎吗？,中医如何治疗小儿支原体肺炎？,0
支原体肺炎,中医可以治疗小儿支原体肺炎吗？,中医治疗小儿支原体肺炎有效果吗？,0
支原体肺炎,中医可以治疗小儿支原体肺炎吗？,治疗小儿支原体肺炎有什么方法？,0
支原体肺炎,小儿支原体肺炎复发了该怎么办？,小儿支原体肺炎复发了如何是好？,1
支原体肺炎,小儿支原体肺炎复发了该怎么办？,小儿支原体肺炎复发了怎么做？,1
支原体肺炎,小儿支原体肺炎复发了该怎么办？,小儿支原体肺炎会复发吗？,0
支原体肺炎,小儿支原体肺炎复发了该怎么办？,小儿支原体肺炎有什么症状？,0
支原体肺炎,小儿支原体肺炎复发了该怎么办？,小儿支原体肺炎多长时间能治好？,0
支原体肺炎,小儿支气管肺炎和支原体肺炎有什么区别？,小儿支气管肺炎和支原体肺炎区别是什么？,1
支原体肺炎,小儿支气管肺炎和支原体肺炎有什么区别？,小儿支气管肺炎和支原体肺炎有哪些区别？,1
支原体肺炎,小儿支气管肺炎和支原体肺炎有什么区别？,小儿支气管肺炎和支原体肺炎会互相转化吗？,0
支原体肺炎,小儿支气管肺炎和支原体肺炎有什么区别？,小儿支气管肺炎有什么症状？,0
支原体肺炎,小儿支气管肺炎和支原体肺炎有什么区别？,小儿支气管肺炎和支原体肺炎哪个严重？,0
支原体肺炎,小儿推拿对支原体肺炎有帮助吗？,小儿推拿对支原体肺炎有效果吗？,1
支原体肺炎,小儿推拿对支原体肺炎有帮助吗？,小儿推拿有助于治疗支原体肺炎吗？,1
支原体肺炎,小儿推拿对支原体肺炎有帮助吗？,治疗支原体肺炎有什么按摩方法吗？,0
支原体肺炎,小儿推拿对支原体肺炎有帮助吗？,怎么诊断小儿支原体肺炎？,0
支原体肺炎,小儿推拿对支原体肺炎有帮助吗？,小儿支原体肺炎有什么症状？,0
支原体肺炎,小儿支原体肺炎治疗方法有哪些？,治疗小儿支原体肺炎方法是什么？,1
支原体肺炎,小儿支原体肺炎治疗方法有哪些？,小儿支原体肺炎有什么治疗方案?,1
支原体肺炎,小儿支原体肺炎治疗方法有哪些？,小儿支原体肺炎常见吗？,0
支原体肺炎,小儿支原体肺炎治疗方法有哪些？,小儿肺炎支原体肺炎有没有后遗症?,0
支原体肺炎,小儿支原体肺炎治疗方法有哪些？,小儿肺炎支原体严重吗？,0
支原体肺炎,小儿支原体肺炎会引发脑炎吗？,小儿支原体肺炎会诱发脑炎吗？,1
支原体肺炎,小儿支原体肺炎会引发脑炎吗？,小儿支原体肺炎会造成脑炎吗？,1
支原体肺炎,小儿支原体肺炎会引发脑炎吗？,小儿支原体肺炎会引发其他疾病吗？,0
支原体肺炎,小儿支原体肺炎会引发脑炎吗？,小儿支原体肺炎有哪些症状？,0
支原体肺炎,小儿支原体肺炎会引发脑炎吗？,小儿支原体肺炎好治吗？,0
支原体肺炎,小儿支原体肺炎治愈的标准？,小儿支原体肺炎治愈的标准是什么？,1
支原体肺炎,小儿支原体肺炎治愈的标准？,确定小儿支原体肺炎治愈有何标准？,1
支原体肺炎,小儿支原体肺炎治愈的标准？,小儿支原体肺炎治愈会复发吗？,0
支原体肺炎,小儿支原体肺炎治愈的标准？,怎么诊断小儿支原体肺炎？,0
支原体肺炎,小儿支原体肺炎治愈的标准？,小儿支原体肺炎有哪些病症？,0
支原体肺炎,支原体肺炎低烧不退该怎么办？,支原体肺炎引起低烧不退如何是好？,1
支原体肺炎,支原体肺炎低烧不退该怎么办？,支原体肺炎低烧不退怎么治？,1
支原体肺炎,支原体肺炎低烧不退该怎么办？,支原体肺炎低烧不退是为什么？,0
支原体肺炎,支原体肺炎低烧不退该怎么办？,支原体肺炎有什么症状？,0
支原体肺炎,支原体肺炎低烧不退该怎么办？,支原体肺炎吃什么药？,0
支原体肺炎,支原体肺炎打点滴好还是吃药效果好？,支原体肺炎打点滴和吃药哪个效果好？,1
支原体肺炎,支原体肺炎打点滴好还是吃药效果好？,支原体肺炎打点滴和吃药哪个更管用？,1
支原体肺炎,支原体肺炎打点滴好还是吃药效果好？,支原体肺炎有什么治疗方法？,0
支原体肺炎,支原体肺炎打点滴好还是吃药效果好？,支原体肺炎有哪些症状？,0
支原体肺炎,支原体肺炎打点滴好还是吃药效果好？,支原体肺炎如何食疗？,0
支原体肺炎,支原体肺炎治疗注射什么药？,支原体肺炎治疗能注射哪些药？,1
支原体肺炎,支原体肺炎治疗注射什么药？,支原体肺炎治疗又什么药可以注射？,1
支原体肺炎,支原体肺炎治疗注射什么药？,得支原体肺炎怎么治疗？,0
支原体肺炎,支原体肺炎治疗注射什么药？,支原体肺炎有什么症状？,0
支原体肺炎,支原体肺炎治疗注射什么药？,怎么诊断检查支原体肺炎？,0
支原体肺炎,支原体肺炎好后反复咳嗽怎么治疗？,支原体肺炎好后反复咳嗽该如何治疗？,1
支原体肺炎,支原体肺炎好后反复咳嗽怎么治疗？,支原体肺炎好后反复咳嗽怎么办？,1
支原体肺炎,支原体肺炎好后反复咳嗽怎么治疗？,支原体肺炎治愈后还复发吗？,0
支原体肺炎,支原体肺炎好后反复咳嗽怎么治疗？,支原体肺炎好有哪些症状？,0
支原体肺炎,支原体肺炎好后反复咳嗽怎么治疗？,支原体肺炎好后反复咳嗽是怎么了？,0
支原体肺炎,服用罗红霉素会有什么不良反应,罗红霉素的不良反应有哪些？,1
支原体肺炎,服用罗红霉素会有什么不良反应,罗红霉素的不良反应是什么？,1
支原体肺炎,服用罗红霉素会有什么不良反应,罗红霉素引起的不良反应怎么处理？,0
支原体肺炎,服用罗红霉素会有什么不良反应,出现不良反应需要停药吗？,0
支原体肺炎,服用罗红霉素会有什么不良反应,换悼罗红霉素，用什么代替？,0
支原体肺炎,四环素洽疗解脲支原体效果好吗,四环素洽疗解脲支原体效果怎么样？,1
支原体肺炎,四环素洽疗解脲支原体效果好吗,四环素洽疗解脲支原体管用吗？,1
支原体肺炎,四环素洽疗解脲支原体效果好吗,疗解脲支原体的方法有哪些？,0
支原体肺炎,四环素洽疗解脲支原体效果好吗,四环素洽疗解脲支原体的注意事项是什么？,0
支原体肺炎,四环素洽疗解脲支原体效果好吗,脲支原体是什么？,0
支原体肺炎,小儿支原体肺炎怎么治疗,怎么治疗小儿支原体肺炎？,1
支原体肺炎,小儿支原体肺炎怎么治疗,小儿支原体肺炎该怎么医治？,1
支原体肺炎,小儿支原体肺炎怎么治疗,小儿支原体肺炎常见吗？,0
支原体肺炎,小儿支原体肺炎怎么治疗,小儿支原体肺炎传播途径有什么？,0
支原体肺炎,小儿支原体肺炎怎么治疗,小儿支原体肺炎的注意事项是什么？,0
支原体肺炎,恩久平盐酸氨溴索分散片主治什么病,恩久平盐酸氨溴索分散片是治疗什么的？,1
支原体肺炎,恩久平盐酸氨溴索分散片主治什么病,恩久平盐酸氨溴索分散片能治什么病？,1
支原体肺炎,恩久平盐酸氨溴索分散片主治什么病,恩久平盐酸氨溴索分散片功效如何？,0
支原体肺炎,恩久平盐酸氨溴索分散片主治什么病,恩久平盐酸氨溴索分散片的副作用是什么？,0
支原体肺炎,恩久平盐酸氨溴索分散片主治什么病,恩久平盐酸氨溴索分散片适用于什么人群？,0
支原体肺炎,永喜盐酸多西环素肠溶胶囊有什么作用,永喜盐酸多西环素肠溶胶囊有什么功效？,1
支原体肺炎,永喜盐酸多西环素肠溶胶囊有什么作用,永喜盐酸多西环素肠溶胶囊作用有哪些？,1
支原体肺炎,永喜盐酸多西环素肠溶胶囊有什么作用,永喜盐酸多西环素肠溶胶囊怎么服用？,0
支原体肺炎,永喜盐酸多西环素肠溶胶囊有什么作用,永喜盐酸多西环素肠溶胶囊有什么需要注意的？,0
支原体肺炎,永喜盐酸多西环素肠溶胶囊有什么作用,服用永喜盐酸多西环素肠溶胶囊不能吃什么？,0
支原体肺炎,克拉霉素胶囊阿维克有什么作用啊,克拉霉素胶囊阿维克有什么功效？,1
支原体肺炎,克拉霉素胶囊阿维克有什么作用啊,克拉霉素胶囊阿维克的作用是什么？,1
支原体肺炎,克拉霉素胶囊阿维克有什么作用啊,克拉霉素胶囊阿维克有没有副作用？,0
支原体肺炎,克拉霉素胶囊阿维克有什么作用啊,克拉霉素胶囊阿维克适合什么人群？,0
支原体肺炎,克拉霉素胶囊阿维克有什么作用啊,克拉霉素胶囊阿维克治什么病？,0
支原体肺炎,扁桃体炎能吃克拉霉素分散片吗,扁桃体炎患者能否服用克拉霉素分散片？,1
支原体肺炎,扁桃体炎能吃克拉霉素分散片吗,扁桃体炎可以吃克拉霉素分散片吗？,1
支原体肺炎,扁桃体炎能吃克拉霉素分散片吗,克拉霉素分散片有什么注意事项吗？,0
支原体肺炎,扁桃体炎能吃克拉霉素分散片吗,扁桃体发炎的原因是什么？,0
支原体肺炎,扁桃体炎能吃克拉霉素分散片吗,扁桃体炎能吃什么药？,0
支原体肺炎,哺乳期可以用红霉素软膏吗,哺乳期能用红霉素软膏吗？,1
支原体肺炎,哺乳期可以用红霉素软膏吗,红霉素软膏能在哺乳期使用吗,1
支原体肺炎,哺乳期可以用红霉素软膏吗,红霉素软膏有什么适应症？,0
支原体肺炎,哺乳期可以用红霉素软膏吗,红霉素软膏治什么病？,0
支原体肺炎,哺乳期可以用红霉素软膏吗,红霉素软膏的副作用有哪些？,0
支原体肺炎,有什么药可以预防小儿支原体肺炎复发吗,预防小儿支原体肺炎复发的药有什么？,1
支原体肺炎,有什么药可以预防小儿支原体肺炎复发吗,什么药能预防小儿支原体肺炎复发？,1
支原体肺炎,有什么药可以预防小儿支原体肺炎复发吗,小儿支原体肺炎如何预防？,0
支原体肺炎,有什么药可以预防小儿支原体肺炎复发吗,儿童支原体肺炎复发率高不？,0
支原体肺炎,有什么药可以预防小儿支原体肺炎复发吗,小儿支原体肺炎怎么护理？,0
支原体肺炎,口腔感染医生说是厌氧菌所致的怎么办,口腔感染医生说是厌氧菌所致的该如何是好？,1
支原体肺炎,口腔感染医生说是厌氧菌所致的怎么办,口腔感染医生说是厌氧菌所致的怎么处理？,1
支原体肺炎,口腔感染医生说是厌氧菌所致的怎么办,厌氧菌所致的口腔感染有什么症状？,0
支原体肺炎,口腔感染医生说是厌氧菌所致的怎么办,厌氧菌所致的口腔感染会传染吗？,0
支原体肺炎,口腔感染医生说是厌氧菌所致的怎么办,口腔感染吃什么药好？,0
支原体肺炎,红霉素软膏的适应症是什么,红霉素软膏的适应症有哪些？,1
支原体肺炎,红霉素软膏的适应症是什么,红霉素软膏有什么适应症？,1
支原体肺炎,红霉素软膏的适应症是什么,红霉素软膏的注意事项是什么？,0
支原体肺炎,红霉素软膏的适应症是什么,红霉素软膏治什么病？,0
支原体肺炎,红霉素软膏的适应症是什么,红霉素软膏有什么功效？,0
支原体肺炎,扁桃体老是反复每次掉几瓶药水怎么好,扁桃体老是反复每次掉几瓶药水怎么办好？,1
支原体肺炎,扁桃体老是反复每次掉几瓶药水怎么好,扁桃体老是反复每次掉几瓶药水该咋办？,1
支原体肺炎,扁桃体老是反复每次掉几瓶药水怎么好,扁桃体老是反复是为什么？,0
支原体肺炎,扁桃体老是反复每次掉几瓶药水怎么好,扁桃体老是反复有什么症状？,0
支原体肺炎,扁桃体老是反复每次掉几瓶药水怎么好,扁桃体发炎的原因是什么？,0
支原体肺炎,支原体肺炎阿奇霉素扎了7天停药3天又,支原体肺炎阿奇霉素扎了7天停药3天会怎么样？,1
支原体肺炎,支原体肺炎阿奇霉素扎了7天停药3天又,支原体肺炎阿奇霉素扎了7天停药3天会有什么后果？,1
支原体肺炎,支原体肺炎阿奇霉素扎了7天停药3天又,支原体肺炎阿奇霉素要扎几天？,0
支原体肺炎,支原体肺炎阿奇霉素扎了7天停药3天又,支原体肺炎阿奇霉素有什么副作用？,0
支原体肺炎,支原体肺炎阿奇霉素扎了7天停药3天又,支原体肺炎阿奇霉素能治什么病？,0
支原体肺炎,克拉霉素胶囊有什么作用适应症是什么呢,克拉霉素胶囊有什么功效？有什么适应症？,1
支原体肺炎,克拉霉素胶囊有什么作用适应症是什么呢,克拉霉素胶囊的作用是什么？适应症有哪些？,1
支原体肺炎,克拉霉素胶囊有什么作用适应症是什么呢,克拉霉素胶囊有什么副作用？,0
支原体肺炎,克拉霉素胶囊有什么作用适应症是什么呢,克拉霉素胶囊需要注意什么？,0
支原体肺炎,克拉霉素胶囊有什么作用适应症是什么呢,克拉霉素胶囊适合什么人群服用？,0
支原体肺炎,您好请问红霉素可以治疗中耳炎吗,中耳炎用罗红霉素管用吗,1
支原体肺炎,您好请问红霉素可以治疗中耳炎吗,红霉素能治愈中耳炎吗,1
支原体肺炎,您好请问红霉素可以治疗中耳炎吗,红霉素是什么？,0
支原体肺炎,您好请问红霉素可以治疗中耳炎吗,红霉素可以治疗什么病,0
支原体肺炎,您好请问红霉素可以治疗中耳炎吗,中耳炎怎么治疗啊,0
支原体肺炎,新生儿可以用红霉素软膏吗,刚出生的小孩可以用红霉素软膏吗,1
支原体肺炎,新生儿可以用红霉素软膏吗,红霉素软膏可以用给新生儿吗,1
支原体肺炎,新生儿可以用红霉素软膏吗,成年人怎么用红霉素软膏,0
支原体肺炎,新生儿可以用红霉素软膏吗,新生儿怎么用红霉素软膏,0
支原体肺炎,新生儿可以用红霉素软膏吗,红霉素软膏一天用几次,0
支原体肺炎,请问肝功能不全的人可以服用罗红霉素片吗,肝功能不全可以服用罗红霉素吗,1
支原体肺炎,请问肝功能不全的人可以服用罗红霉素片吗,肝功不全患者服用罗红霉素可以吗,1
支原体肺炎,请问肝功能不全的人可以服用罗红霉素片吗,请问肝功能不全的人可以服用哪些消炎药,0
支原体肺炎,请问肝功能不全的人可以服用罗红霉素片吗,请问肝功能不全的人怎么服用药,0
支原体肺炎,请问肝功能不全的人可以服用罗红霉素片吗,肝功能不全是什么病,0
支原体肺炎,红霉素肠溶片这个药主要有什么功效怎么用,红霉素肠溶片的功效是什么呢，要怎么服用,1
支原体肺炎,红霉素肠溶片这个药主要有什么功效怎么用,红霉素肠溶片要怎么用，功效是啥,1
支原体肺炎,红霉素肠溶片这个药主要有什么功效怎么用,红霉素肠溶片是什么药,0
支原体肺炎,红霉素肠溶片这个药主要有什么功效怎么用,红霉素肠溶片可以随便吃吗,0
支原体肺炎,红霉素肠溶片这个药主要有什么功效怎么用,红霉素肠溶片多少钱？在哪里买,0
支原体肺炎,服用肺力咳胶囊还需要服用消炎药吗,请问服用肺力咳胶囊还需要服用消炎药吗,1
支原体肺炎,服用肺力咳胶囊还需要服用消炎药吗,请问服用肺力咳胶囊还需要服用消炎药吗？,1
支原体肺炎,服用肺力咳胶囊还需要服用消炎药吗,肺力咳胶囊和肺力咳合剂的区别？,0
支原体肺炎,服用肺力咳胶囊还需要服用消炎药吗,肺力咳胶囊跟肺力咳合剂哪个好一些？,0
支原体肺炎,服用肺力咳胶囊还需要服用消炎药吗,小儿咳嗽有痰，开的蒲地蓝口服液，肺力咳，需不需要再吃什么消炎药？,0
支原体肺炎,可利君片和鲨肝醇片放在一起治什么病,请问可利君片和鲨肝醇片放在一起治什么病,1
支原体肺炎,可利君片和鲨肝醇片放在一起治什么病,问可利君片和鲨肝醇片放在一起治什么病？？？？？？？？？？,1
支原体肺炎,可利君片和鲨肝醇片放在一起治什么病,利可君与鲨肝醇哪种好,0
支原体肺炎,可利君片和鲨肝醇片放在一起治什么病,可利君片和鲨肝醇片是什么药,0
支原体肺炎,可利君片和鲨肝醇片放在一起治什么病,可利君片和鲨肝醇片可以在一起吃吗,0
支原体肺炎,扁桃体经常反复请问还需要补充什么吗,扁桃体炎复发要补充什么呢,1
支原体肺炎,扁桃体经常反复请问还需要补充什么吗,扁桃体炎老是反复复发需要补充什么呢,1
支原体肺炎,扁桃体经常反复请问还需要补充什么吗,扁桃体炎的反复是什么意思,0
支原体肺炎,扁桃体经常反复请问还需要补充什么吗,扁桃体炎的反复怎么办呢,0
支原体肺炎,扁桃体经常反复请问还需要补充什么吗,扁桃体炎怎么治疗,0
支原体肺炎,孕妇有丹毒可以服用克拉霉素分散片吗,怀孕了有丹毒可以服用克拉霉素分散片吗,1
支原体肺炎,孕妇有丹毒可以服用克拉霉素分散片吗,孕妇有丹毒，克拉霉素分散片可以服用吗,1
支原体肺炎,孕妇有丹毒可以服用克拉霉素分散片吗,孕妇有丹毒怎么办,0
支原体肺炎,孕妇有丹毒可以服用克拉霉素分散片吗,克拉霉素分散片可以治疗什么，孕妇可以吃吗,0
支原体肺炎,孕妇有丹毒可以服用克拉霉素分散片吗,孕妇怎么吃克拉霉素分散片,0
支原体肺炎,克拉霉素怎么没有详细介绍,克拉霉素的介绍怎么没有呢,1
支原体肺炎,克拉霉素怎么没有详细介绍,克拉霉素详细介绍咋没有,1
支原体肺炎,克拉霉素怎么没有详细介绍,克拉霉素是什么药呢,0
支原体肺炎,克拉霉素怎么没有详细介绍,克拉霉素怎么治疗的,0
支原体肺炎,克拉霉素怎么没有详细介绍,克拉霉素怎么服用啊,0
支原体肺炎,请问红霉素颗粒6岁宝宝一次喂多少合适啊,红霉素颗粒小孩一次吃多少合适,1
支原体肺炎,请问红霉素颗粒6岁宝宝一次喂多少合适啊,红霉素颗粒宝宝吃多少合适呢,1
支原体肺炎,请问红霉素颗粒6岁宝宝一次喂多少合适啊,红霉素颗粒6岁宝宝可以吃吗,0
支原体肺炎,请问红霉素颗粒6岁宝宝一次喂多少合适啊,红霉素颗粒主要有什么疗效呢,0
支原体肺炎,请问红霉素颗粒6岁宝宝一次喂多少合适啊,红霉素和红霉素颗粒的区别是什么,0
支原体肺炎,小儿咽扁颗粒和罗红霉素颗粒能一起吃吗,小孩子咽扁颗粒和罗红霉素颗粒可以一块吃吗,1
支原体肺炎,小儿咽扁颗粒和罗红霉素颗粒能一起吃吗,咽扁颗粒和罗红霉素颗粒可以让小孩一块吃吗,1
支原体肺炎,小儿咽扁颗粒和罗红霉素颗粒能一起吃吗,小儿咽扁颗粒可以和小儿咳喘灵泡腾颗粒一起吃吗,0
支原体肺炎,小儿咽扁颗粒和罗红霉素颗粒能一起吃吗,小儿咽扁颗粒能和阿莫西林和小儿咳喘灵口服液一起吃吗,0
支原体肺炎,小儿咽扁颗粒和罗红霉素颗粒能一起吃吗,请问小儿咽扁颗粒和小儿咳喘灵颗粒可以同时吃吗,0
支原体肺炎,我感到鼻子堵喉咙痒咳嗽吃点罗红霉素行吗,鼻塞喉咙痒可以吃点罗红霉素吗,1
支原体肺炎,我感到鼻子堵喉咙痒咳嗽吃点罗红霉素行吗,喉咙痒咳嗽鼻子堵能吃罗红霉素胶囊吗,1
支原体肺炎,我感到鼻子堵喉咙痒咳嗽吃点罗红霉素行吗,鼻子堵喉咙痒咳嗽是感冒吗,0
支原体肺炎,我感到鼻子堵喉咙痒咳嗽吃点罗红霉素行吗,鼻子堵喉咙痒咳嗽怎么治疗呢,0
支原体肺炎,我感到鼻子堵喉咙痒咳嗽吃点罗红霉素行吗,罗红霉素是不是消炎药,0
支原体肺炎,哪些疾病适合吃克拉霉素胶囊,克拉霉素胶囊治疗什么病,1
支原体肺炎,哪些疾病适合吃克拉霉素胶囊,克拉霉素胶囊对什么疾病有用,1
支原体肺炎,哪些疾病适合吃克拉霉素胶囊,吃克拉霉素可以喝酒吗,0
支原体肺炎,哪些疾病适合吃克拉霉素胶囊,吃了克拉霉素难受怎么办？,0
支原体肺炎,哪些疾病适合吃克拉霉素胶囊,克拉霉素可以吃多少天,0
支原体肺炎,咨询罗红霉素片的作用和副作用,罗红霉素的功效是什么？有哪些副作用？,1
支原体肺炎,咨询罗红霉素片的作用和副作用,请问克拉霉素胶囊的副作用是什么？作用是啥呢,1
支原体肺炎,咨询罗红霉素片的作用和副作用,罗红霉素是抗生素吗？,0
支原体肺炎,咨询罗红霉素片的作用和副作用,罗红霉素是什么药,0
支原体肺炎,咨询罗红霉素片的作用和副作用,罗红霉素片和红霉素的区别,0
支原体肺炎,红霉素能治烫伤吗是有什么治疗的药用吗,红霉素软膏能治烫伤吗,1
支原体肺炎,红霉素能治烫伤吗是有什么治疗的药用吗,红霉素是不是能治烫伤呢,1
支原体肺炎,红霉素能治烫伤吗是有什么治疗的药用吗,红霉素有什么药用,0
支原体肺炎,红霉素能治烫伤吗是有什么治疗的药用吗,红霉素是什么药呢,0
支原体肺炎,红霉素能治烫伤吗是有什么治疗的药用吗,红霉素的效果怎么样,0
支原体肺炎,你好我家孩子嗓子发炎吃利君沙管用吗,我家小孩咽喉发炎可以吃利君沙吗,1
支原体肺炎,你好我家孩子嗓子发炎吃利君沙管用吗,宝宝嗓子发炎吃利君沙管用吗,1
支原体肺炎,你好我家孩子嗓子发炎吃利君沙管用吗,喉咙发炎肿痛，吃利君沙好还是头孢好？,0
支原体肺炎,你好我家孩子嗓子发炎吃利君沙管用吗,我家小孩嗓子发炎吃什么药,0
支原体肺炎,你好我家孩子嗓子发炎吃利君沙管用吗,吃利君沙管什么用,0
支原体肺炎,依托红霉素颗粒我实在是弄不明白怎么吃,依托红霉素怎么吃？,1
支原体肺炎,依托红霉素颗粒我实在是弄不明白怎么吃,依托红霉素颗粒怎么用药,1
支原体肺炎,依托红霉素颗粒我实在是弄不明白怎么吃,依托红霉素颗粒是什么药,0
支原体肺炎,依托红霉素颗粒我实在是弄不明白怎么吃,依托红霉素是什么药,0
支原体肺炎,依托红霉素颗粒我实在是弄不明白怎么吃,依托红霉素颗粒治什么？,0
支原体肺炎,四环素是黄安类吗160它主要是治什么病,四环素是不是黄安类，治疗什么病的？,1
支原体肺炎,四环素是黄安类吗160它主要是治什么病,四环素属于黄安类吗,1
支原体肺炎,四环素是黄安类吗160它主要是治什么病,四环素是什么药,0
支原体肺炎,四环素是黄安类吗160它主要是治什么病,四环素一般多少钱,0
支原体肺炎,四环素是黄安类吗160它主要是治什么病,四环素在哪里可以买到,0
支原体肺炎,罗红霉素对牙龈炎有用吗,牙龈炎吃罗红霉素可以吗,1
支原体肺炎,罗红霉素对牙龈炎有用吗,牙龈炎吃罗红霉素缓释胶囊有用吗效果好吗,1
支原体肺炎,罗红霉素对牙龈炎有用吗,罗红霉素吃多少才能好,0
支原体肺炎,罗红霉素对牙龈炎有用吗,罗红霉素的药效怎么样,0
支原体肺炎,罗红霉素对牙龈炎有用吗,牙龈炎怎么治疗呢,0
支原体肺炎,请问一下医生依托红霉素颗粒能治疗干咳吗,请问依托红霉素颗粒能治疗干咳吗,1
支原体肺炎,请问一下医生依托红霉素颗粒能治疗干咳吗,你好依托红霉素颗粒能治疗干咳吗,1
支原体肺炎,请问一下医生依托红霉素颗粒能治疗干咳吗,请问一下医生依托红霉素颗粒是什么药,0
支原体肺炎,请问一下医生依托红霉素颗粒能治疗干咳吗,请问一下医生什么药治疗干咳,0
支原体肺炎,请问一下医生依托红霉素颗粒能治疗干咳吗,干咳怎么办，吃什么药呢,0
支原体肺炎,支原体衣原体尿道炎用罗红霉素怎么样,罗红霉素可以治疗支原体衣原体尿道炎吗,1
支原体肺炎,支原体衣原体尿道炎用罗红霉素怎么样,罗红霉素对支原体衣原体尿道炎有效果吗,1
支原体肺炎,支原体衣原体尿道炎用罗红霉素怎么样,支原体衣原体尿道炎是什么病？,0
支原体肺炎,支原体衣原体尿道炎用罗红霉素怎么样,支原体衣原体尿道炎吃什么药呢,0
支原体肺炎,支原体衣原体尿道炎用罗红霉素怎么样,罗红霉素怎么样,0
支原体肺炎,你好我想咨询下利君沙颗粒怎么样,利君沙颗粒怎么样，治疗什么的？,1
支原体肺炎,你好我想咨询下利君沙颗粒怎么样,利君沙颗粒怎么样呢，有什么作用,1
支原体肺炎,你好我想咨询下利君沙颗粒怎么样,利君沙颗粒是什么,0
支原体肺炎,你好我想咨询下利君沙颗粒怎么样,我想咨询一下颗粒和胶囊哪个好,0
支原体肺炎,你好我想咨询下利君沙颗粒怎么样,我想问利君沙颗粒是什么呢,0
支原体肺炎,依托红霉素片不知道一次喝几片,依托红霉素片一次吃多少,1
支原体肺炎,依托红霉素片不知道一次喝几片,依托红霉素片怎么吃呢，吃多少？,1
支原体肺炎,依托红霉素片不知道一次喝几片,依托红霉素片治疗什么病,0
支原体肺炎,依托红霉素片不知道一次喝几片,依托红霉素片不知道是什么药,0
支原体肺炎,依托红霉素片不知道一次喝几片,依托红霉素片多少钱在哪买？,0
支原体肺炎,6岁小孩反复感冒咳嗽好后咽喉长了一些,小孩反复感冒咽喉长了怎么办？,1
支原体肺炎,6岁小孩反复感冒咳嗽好后咽喉长了一些,小孩反复咳嗽好了咽喉怎么长了呢,1
支原体肺炎,6岁小孩反复感冒咳嗽好后咽喉长了一些,小孩反复咳嗽怎么办,0
支原体肺炎,6岁小孩反复感冒咳嗽好后咽喉长了一些,5岁小孩子反复感冒怎么办,0
支原体肺炎,6岁小孩反复感冒咳嗽好后咽喉长了一些,小孩反复感冒咳嗽吃什么药,0
支原体肺炎,四环素片治疗支原体衣原体阳性吗,四环素片对支原体衣原体阳性有效吗,1
支原体肺炎,四环素片治疗支原体衣原体阳性吗,支原体衣原体阳性吃四环素可以痊愈吗,1
支原体肺炎,四环素片治疗支原体衣原体阳性吗,四环素片是什么药,0
支原体肺炎,四环素片治疗支原体衣原体阳性吗,支原体衣原体阳性怎么治疗,0
支原体肺炎,四环素片治疗支原体衣原体阳性吗,支原体衣原体阳性是什么意思,0
支原体肺炎,请问怀孕期间可以服用罗红霉素吗,怀孕可以吃罗红霉素吗,1
支原体肺炎,请问怀孕期间可以服用罗红霉素吗,怀孕期间吃罗红霉素可以吗,1
支原体肺炎,请问怀孕期间可以服用罗红霉素吗,服用感冒药期间可以怀孕么,0
支原体肺炎,请问怀孕期间可以服用罗红霉素吗,在准备怀孕期间可以吃感冒药？,0
支原体肺炎,请问怀孕期间可以服用罗红霉素吗,请问怀孕期间可以吃消炎药吗？,0
支原体肺炎,请问盐酸氨溴索和罗红霉素能同时服用吗,盐酸氨溴索与罗红霉素可同时服用吗,1
支原体肺炎,请问盐酸氨溴索和罗红霉素能同时服用吗,盐酸氨溴索和罗红霉素能同时服用吗,1
支原体肺炎,请问盐酸氨溴索和罗红霉素能同时服用吗,罗红霉素能和氨溴索一块食用吗？,0
支原体肺炎,请问盐酸氨溴索和罗红霉素能同时服用吗,罗红霉素氨溴索分散片有什么作用,0
支原体肺炎,请问盐酸氨溴索和罗红霉素能同时服用吗,罗红霉素氨溴索片是什么药？,0
支原体肺炎,反复发高烧基于这样的情况越想越担心,孩子反复发烧很担心怎么办,1
支原体肺炎,反复发高烧基于这样的情况越想越担心,反复发烧这种情况要不要担心？,1
支原体肺炎,反复发高烧基于这样的情况越想越担心,反复发烧是什么意思,0
支原体肺炎,反复发高烧基于这样的情况越想越担心,反复发烧要怎么治疗呢,0
支原体肺炎,反复发高烧基于这样的情况越想越担心,反复发烧这样是什么原因呢,0
支原体肺炎,好你好感冒嗓子疼可以吃利君沙吗,我感冒嗓子疼可以吃利君沙吗,1
支原体肺炎,好你好感冒嗓子疼可以吃利君沙吗,你好感冒嗓子疼可以吃利君沙吗怎么好,1
支原体肺炎,好你好感冒嗓子疼可以吃利君沙吗,喉咙发炎肿痛，吃利君沙好还是头孢好？,0
支原体肺炎,好你好感冒嗓子疼可以吃利君沙吗,头孢还是利君沙哪个好,0
支原体肺炎,好你好感冒嗓子疼可以吃利君沙吗,嗓子疼，咽口唾沫也疼，家里有利君沙吗？,0
支原体肺炎,小儿支原体肺炎的恢复期治疗要注意什么,小孩子支原体肺炎恢复要注意什么,1
支原体肺炎,小儿支原体肺炎的恢复期治疗要注意什么,小孩支原体肺炎快恢复了，需要注意啥呢？,1
支原体肺炎,小儿支原体肺炎的恢复期治疗要注意什么,小孩支原体肺炎要怎么治疗,0
支原体肺炎,小儿支原体肺炎的恢复期治疗要注意什么,支原体肺炎会不会恢复,0
支原体肺炎,小儿支原体肺炎的恢复期治疗要注意什么,支原体肺炎要注意什么,0
支原体肺炎,永喜盐酸多西环素肠溶胶囊最多吃多久呢,永喜盐酸多西环素肠溶胶囊吃多久就要停了,1
支原体肺炎,永喜盐酸多西环素肠溶胶囊最多吃多久呢,永喜盐酸多西环素肠溶胶囊药吃多少疗程，要多久？,1
支原体肺炎,永喜盐酸多西环素肠溶胶囊最多吃多久呢,盐酸多西环素肠溶胶囊怎么样,0
支原体肺炎,永喜盐酸多西环素肠溶胶囊最多吃多久呢,盐酸多西环素肠溶胶囊是饭前吃饭后吃?,0
支原体肺炎,永喜盐酸多西环素肠溶胶囊最多吃多久呢,盐酸多西环素肠溶胶囊为啥要夫妻同吃,0
支原体肺炎,地红霉素肠溶片可以在感冒时可以吃吗,感冒时地红霉素肠溶片可以吃吗,1
支原体肺炎,地红霉素肠溶片可以在感冒时可以吃吗,感冒了可以吃地红霉素肠溶片么,1
支原体肺炎,地红霉素肠溶片可以在感冒时可以吃吗,地红霉素肠溶片可以治疗感冒吗,0
支原体肺炎,地红霉素肠溶片可以在感冒时可以吃吗,地红霉素肠溶片有什么疗效,0
支原体肺炎,地红霉素肠溶片可以在感冒时可以吃吗,地红霉素肠溶片吃出副作用怎么办,0
支原体肺炎,罗红霉素长时间吃会有什么副作用吗,罗红霉素长时间服用有什么影响,1
支原体肺炎,罗红霉素长时间吃会有什么副作用吗,罗红霉素有什么副作用,1
支原体肺炎,罗红霉素长时间吃会有什么副作用吗,罗红霉素长时间吃会不会治好病,0
支原体肺炎,罗红霉素长时间吃会有什么副作用吗,罗红霉素的疗效是什么,0
支原体肺炎,罗红霉素长时间吃会有什么副作用吗,罗红霉素要吃多长时间才可以,0
支原体肺炎,你好孩子4岁咳嗽可以吃罗红霉素吗,孩子咳嗽吃罗红霉素行不行,1
支原体肺炎,你好孩子4岁咳嗽可以吃罗红霉素吗,小孩感冒咳嗽可以吃罗红霉素吗,1
支原体肺炎,你好孩子4岁咳嗽可以吃罗红霉素吗,2岁9个月小孩宝宝咳嗽嗓子红是否可以服用头孢克洛,0
支原体肺炎,你好孩子4岁咳嗽可以吃罗红霉素吗,咳嗽要吃罗红霉素吗,0
支原体肺炎,你好孩子4岁咳嗽可以吃罗红霉素吗,罗红霉素是不是会对咳嗽的患者有用,0
支原体肺炎,请问罗红霉素胶囊牙痛吃了管用吗,牙疼吃罗红霉素有用吗,1
支原体肺炎,请问罗红霉素胶囊牙痛吃了管用吗,牙疼吃罗红霉素可以吗,1
支原体肺炎,请问罗红霉素胶囊牙痛吃了管用吗,牙痛吃罗红霉素吃多了，现在出现肚子痛,0
支原体肺炎,请问罗红霉素胶囊牙痛吃了管用吗,牙痛吃了布洛芬不起作用阿,0
支原体肺炎,请问罗红霉素胶囊牙痛吃了管用吗,牙痛吃甲硝唑片管用吗,0
支原体肺炎,琥乙红霉素片是消炎药吗,琥乙红霉素颗粒是不是消炎药,1
支原体肺炎,琥乙红霉素片是消炎药吗,琥乙红霉素颗粒是消炎药吗？,1
支原体肺炎,琥乙红霉素片是消炎药吗,琥乙红霉素片是抗生素吗,0
支原体肺炎,琥乙红霉素片是消炎药吗,琥乙红霉素干混悬剂是抗生素吗,0
支原体肺炎,琥乙红霉素片是消炎药吗,喝黄洒吃消炎药琥乙红霉素片不,0
支原体肺炎,罗红霉素颗粒主要治什么啊适合三岁小孩吗,罗红霉素颗粒适合小孩吗，治疗什么病,1
支原体肺炎,罗红霉素颗粒主要治什么啊适合三岁小孩吗,罗红霉素颗粒是不是不太适合小孩，治疗什么病呢,1
支原体肺炎,罗红霉素颗粒主要治什么啊适合三岁小孩吗,罗红霉素颗粒和罗红霉素胶囊哪个适合小孩子,0
支原体肺炎,罗红霉素颗粒主要治什么啊适合三岁小孩吗,罗红霉素颗粒适合长时间吃吗,0
支原体肺炎,罗红霉素颗粒主要治什么啊适合三岁小孩吗,三岁小孩适合吃什么药,0
支原体肺炎,依托红霉素颗粒三个多月的宝宝可以吃吗,四个月宝宝可以喝依托红霉素,1
支原体肺炎,依托红霉素颗粒三个多月的宝宝可以吃吗,五个多月的宝宝可以吃依托红霉素颗粒吗,1
支原体肺炎,依托红霉素颗粒三个多月的宝宝可以吃吗,依托红霉素颗粒五个月宝宝吃多少,0
支原体肺炎,依托红霉素颗粒三个多月的宝宝可以吃吗,九个月的宝宝依托红霉素颗粒吃多少？,0
支原体肺炎,依托红霉素颗粒三个多月的宝宝可以吃吗,依托红霉素颗粒六个月的宝宝怎么吃?宝宝15斤,0
支原体肺炎,罗红霉素和头孢是不是可以消炎的呢,罗红霉素和头孢是不是消炎药呢,1
支原体肺炎,罗红霉素和头孢是不是可以消炎的呢,头孢和罗红霉素属于消炎药吗？,1
支原体肺炎,罗红霉素和头孢是不是可以消炎的呢,消炎药有哪些？,0
支原体肺炎,罗红霉素和头孢是不是可以消炎的呢,罗红霉素颗粒和头孢是不是不能喝酒呢,0
支原体肺炎,罗红霉素和头孢是不是可以消炎的呢,头孢和罗红霉素颗粒小孩纸不是不适合吃,0
支原体肺炎,请问利君沙和甲硝唑吃完有会药物反应吗,利君沙和甲硝唑会不会有反应,1
支原体肺炎,请问利君沙和甲硝唑吃完有会药物反应吗,利君沙和甲硝唑能一起吃吗,1
支原体肺炎,请问利君沙和甲硝唑吃完有会药物反应吗,利君沙和甲硝唑有什么区别,0
支原体肺炎,请问利君沙和甲硝唑吃完有会药物反应吗,利君沙和甲硝唑分别治疗什么,0
支原体肺炎,请问利君沙和甲硝唑吃完有会药物反应吗,甲硝锉和什么药会药物反应？,0
支原体肺炎,请问感冒嗓子疼可以吃利君沙吗,我感冒嗓子疼可以吃利君沙吗,1
支原体肺炎,请问感冒嗓子疼可以吃利君沙吗,你好感冒嗓子疼可以吃利君沙吗,1
支原体肺炎,请问感冒嗓子疼可以吃利君沙吗,喉咙发炎肿痛，吃利君沙好还是头孢好？,0
支原体肺炎,请问感冒嗓子疼可以吃利君沙吗,头孢还是利君沙哪个好,0
支原体肺炎,请问感冒嗓子疼可以吃利君沙吗,利君沙治疗什么病,0
支原体肺炎,克拉霉素片克拉仙的成分和功效是什么,克拉霉素和克拉仙的功效和成分是什么,1
支原体肺炎,克拉霉素片克拉仙的成分和功效是什么,克拉霉素克拉霉素的成分功效分别有哪些,1
支原体肺炎,克拉霉素片克拉仙的成分和功效是什么,克拉霉素和克拉仙的区别是什么,0
支原体肺炎,克拉霉素片克拉仙的成分和功效是什么,克拉霉素和克拉仙能一块吃吗,0
支原体肺炎,克拉霉素片克拉仙的成分和功效是什么,吃克拉霉素有不良反应怎么办,0
支原体肺炎,宝宝得支原体肺炎必须有什么方法能治愈好,宝宝肺炎支原体感染用什么方法治疗能治愈？,1
支原体肺炎,宝宝得支原体肺炎必须有什么方法能治愈好,宝宝得支原体肺炎要采取哪种办法能治愈好？,1
支原体肺炎,宝宝得支原体肺炎必须有什么方法能治愈好,宝宝肺炎支原体感染的症状主要是什么？,0
支原体肺炎,宝宝得支原体肺炎必须有什么方法能治愈好,宝宝肺炎支原体感染是什么病？,0
支原体肺炎,宝宝得支原体肺炎必须有什么方法能治愈好,宝宝感染肺炎支原体严重吗？,0
支原体肺炎,我女儿6岁支原体肺炎打了5天阿奇霉素不见好怎么办？,我女儿6岁支原体肺炎打了5天阿奇霉素不见好怎么做？,1
支原体肺炎,我女儿6岁支原体肺炎打了5天阿奇霉素不见好怎么办？,我女儿6岁支原体肺炎打了5天阿奇霉素不见好该如何处理？,1
支原体肺炎,我女儿6岁支原体肺炎打了5天阿奇霉素不见好怎么办？,支原体肺炎打阿奇霉素不见好是什么原因？,0
支原体肺炎,我女儿6岁支原体肺炎打了5天阿奇霉素不见好怎么办？,支原体肺炎打阿奇霉素管用吗？,0
支原体肺炎,我女儿6岁支原体肺炎打了5天阿奇霉素不见好怎么办？,支原体肺炎有什么症状？,0
支原体肺炎,两岁半宝宝用复方异托溴铵做雾化用量多少,两岁半宝宝用复方异托溴铵做雾化该服用的用量是多少？,1
支原体肺炎,两岁半宝宝用复方异托溴铵做雾化用量多少,两岁半宝宝用复方异托溴铵做雾化的用量是什么？,1
支原体肺炎,两岁半宝宝用复方异托溴铵做雾化用量多少,复方异托溴铵做雾化是治什么的？,0
支原体肺炎,两岁半宝宝用复方异托溴铵做雾化用量多少,复方异托溴铵做雾化有没有副作用？,0
支原体肺炎,两岁半宝宝用复方异托溴铵做雾化用量多少,复方异托溴铵做雾化适合新生儿服用吗？,0
支原体肺炎,四环素片的主要功效和它的用法用量哦,四环素片的主要功效和它的用法用量分别是什么？,1
支原体肺炎,四环素片的主要功效和它的用法用量哦,四环素片的主要功效和它的用法用量是怎样的？,1
支原体肺炎,四环素片的主要功效和它的用法用量哦,四环素片有没有副作用？,0
支原体肺炎,四环素片的主要功效和它的用法用量哦,四环素片的适应症是什么？,0
支原体肺炎,四环素片的主要功效和它的用法用量哦,四环素片的注意事项是什么？,0
支原体肺炎,硬脂酸红霉素颗粒平台有出售吗,硬脂酸红霉素颗粒有平台卖的吗？,1
支原体肺炎,硬脂酸红霉素颗粒平台有出售吗,硬脂酸红霉素颗粒平台有卖的没有？,1
支原体肺炎,硬脂酸红霉素颗粒平台有出售吗,硬脂酸红霉素颗粒有什么注意事项？,0
支原体肺炎,硬脂酸红霉素颗粒平台有出售吗,硬脂酸红霉素颗粒有什么功效？,0
支原体肺炎,硬脂酸红霉素颗粒平台有出售吗,硬脂酸红霉素颗粒有没有副作用？,0
支原体肺炎,顺尔宁治支原体衣原体肺炎吗,请问顺尔宁能治疗支原体肺炎吗？,1
支原体肺炎,顺尔宁治支原体衣原体肺炎吗,患支原体肺炎，顺尔宁能治疗这个吗？,1
支原体肺炎,顺尔宁治支原体衣原体肺炎吗,宝宝咳嗽，查血是支原体感染，吃顺尔宁有用吗？,0
支原体肺炎,顺尔宁治支原体衣原体肺炎吗,感冒咳嗽顺尔宁可以兑水吃吗？,0
支原体肺炎,顺尔宁治支原体衣原体肺炎吗,顺尔宁有什么副作用？,0
支原体肺炎,得了支原体肺炎可以服用顺尔宁吗,请问顺尔宁能治疗支原体肺炎吗？,1
支原体肺炎,得了支原体肺炎可以服用顺尔宁吗,得了支原体肺炎能否服用顺尔宁？,1
支原体肺炎,得了支原体肺炎可以服用顺尔宁吗,支原体肺炎有什么症状？,0
支原体肺炎,得了支原体肺炎可以服用顺尔宁吗,得了支原体肺炎怎么治疗有效果？,0
支原体肺炎,得了支原体肺炎可以服用顺尔宁吗,得了支原体肺炎会传染给家人吗？,0
支原体肺炎,盐酸多西环素可以和补钙的药一起服用吗？,盐酸多西环素能同补钙的药一起服用吗？,1
支原体肺炎,盐酸多西环素可以和补钙的药一起服用吗？,盐酸多西环素能否和补钙的药一同服用吗？,1
支原体肺炎,盐酸多西环素可以和补钙的药一起服用吗？,盐酸多西环素用来治疗什么病症？,0
支原体肺炎,盐酸多西环素可以和补钙的药一起服用吗？,盐酸多西环素有什么注意事项？,0
支原体肺炎,盐酸多西环素可以和补钙的药一起服用吗？,盐酸多西环素和补钙的药会起冲突吗？,0
支原体肺炎,阿奇霉素干混悬剂治疗小儿支原体肺炎有效果吗？,阿奇霉素干混悬剂治疗小儿支原体肺炎管用吗？,1
支原体肺炎,阿奇霉素干混悬剂治疗小儿支原体肺炎有效果吗？,用阿奇霉素干混悬剂治疗小儿支原体肺炎见效吗？,1
支原体肺炎,阿奇霉素干混悬剂治疗小儿支原体肺炎有效果吗？,阿奇霉素干混悬剂有什么副作用？,0
支原体肺炎,阿奇霉素干混悬剂治疗小儿支原体肺炎有效果吗？,阿奇霉素干混悬剂治疗小儿支原体肺炎用法用量是什么？,0
支原体肺炎,阿奇霉素干混悬剂治疗小儿支原体肺炎有效果吗？,小儿支原体肺炎是什么症状？,0
支原体肺炎,4岁宝宝29斤要吃多少依托红霉素,4岁宝宝29斤服用依托红霉素的用量是多少？,1
支原体肺炎,4岁宝宝29斤要吃多少依托红霉素,4岁宝宝29斤适合吃多少依托红霉素？,1
支原体肺炎,4岁宝宝29斤要吃多少依托红霉素,宝宝服用依托红霉素有什么后遗症？,0
支原体肺炎,4岁宝宝29斤要吃多少依托红霉素,宝宝吃依托红霉素要注意什么？,0
支原体肺炎,4岁宝宝29斤要吃多少依托红霉素,依托红霉素有什么适应症？,0
支原体肺炎,儿子是支原体肺炎医生开了博利康尼是吗,儿子是支原体肺炎医生开了博利康尼管用吗？,1
支原体肺炎,儿子是支原体肺炎医生开了博利康尼是吗,儿子是支原体肺炎医生开了博利康尼有效果吗？,1
支原体肺炎,儿子是支原体肺炎医生开了博利康尼是吗,小孩支原体肺炎吃博利康尼多久能好？,0
支原体肺炎,儿子是支原体肺炎医生开了博利康尼是吗,小孩支原体肺炎有哪些症状？,0
支原体肺炎,儿子是支原体肺炎医生开了博利康尼是吗,小孩支原体肺炎吃博利康尼有何副作用？,0
支原体肺炎,请问患了支原体肺炎顺尔宁能治疗吗,请问顺尔宁能治疗支原体肺炎患者吗？,1
支原体肺炎,请问患了支原体肺炎顺尔宁能治疗吗,患了支原体肺炎顺尔宁可否能治疗？,1
支原体肺炎,请问患了支原体肺炎顺尔宁能治疗吗,患了支原体肺炎要注意什么？,0
支原体肺炎,请问患了支原体肺炎顺尔宁能治疗吗,支原体肺炎有哪些症状？,0
支原体肺炎,请问患了支原体肺炎顺尔宁能治疗吗,患了支原体肺炎能根治吗？,0
支原体肺炎,请问顺尔宁能治疗支原体肺炎吗效果可以吗,请问顺尔宁能否治疗支原体肺炎效果如何？,1
支原体肺炎,请问顺尔宁能治疗支原体肺炎吗效果可以吗,请问顺尔宁是否可以治疗支原体肺炎效果怎么样？,1
支原体肺炎,请问顺尔宁能治疗支原体肺炎吗效果可以吗,请问顺尔宁治疗支原体肺炎有后遗症吗？,0
支原体肺炎,请问顺尔宁能治疗支原体肺炎吗效果可以吗,治疗支原体肺炎能长期服用顺尔宁吗？,0
支原体肺炎,请问顺尔宁能治疗支原体肺炎吗效果可以吗,请问顺尔宁有哪些注意事项？,0
支原体肺炎,多潘立酮混悬液和什么药物吃有反应,多潘立酮混悬液和什么药物吃会起反应？,1
支原体肺炎,多潘立酮混悬液和什么药物吃有反应,多潘立酮混悬液和什么药物吃有冲突？,1
支原体肺炎,多潘立酮混悬液和什么药物吃有反应,多潘立酮混悬液的主要功能有哪些呢？,0
支原体肺炎,多潘立酮混悬液和什么药物吃有反应,多潘立酮混悬液怎么打开的？,0
支原体肺炎,多潘立酮混悬液和什么药物吃有反应,请问多潘立酮混悬液贵吗？,0
支原体肺炎,患有支原体肺炎现在反复发作咳嗽严重怎么办,患有支原体肺炎现在反复发作咳嗽严重如何是好？,1
支原体肺炎,患有支原体肺炎现在反复发作咳嗽严重怎么办,患有支原体肺炎现在反复发作咳嗽严重怎么治疗？,1
支原体肺炎,患有支原体肺炎现在反复发作咳嗽严重怎么办,患有支原体肺炎有哪些症状？,0
支原体肺炎,患有支原体肺炎现在反复发作咳嗽严重怎么办,患有支原体肺炎现在反复发作咳嗽能服用什么药？,0
支原体肺炎,患有支原体肺炎现在反复发作咳嗽严重怎么办,患有支原体肺炎该咋办？,0
支原体肺炎,请问顺尔宁治支原体衣原体肺炎吗有效果吗,请问顺尔宁能否治支原体衣原体肺炎有没有效果？,1
支原体肺炎,请问顺尔宁治支原体衣原体肺炎吗有效果吗,请问顺尔宁可以治支原体衣原体肺炎吗会有效果吗？,1
支原体肺炎,请问顺尔宁治支原体衣原体肺炎吗有效果吗,治支原体衣原体肺炎有什么方法？,0
支原体肺炎,请问顺尔宁治支原体衣原体肺炎吗有效果吗,请问顺尔宁治支原体衣原体肺炎见效快吗？,0
支原体肺炎,请问顺尔宁治支原体衣原体肺炎吗有效果吗,支原体衣原体肺炎有哪些症状？,0
支原体肺炎,异丙托溴铵气雾剂小孩支原体肺炎能不能用,异丙托溴铵气雾剂小孩支原体肺炎能否使用？,1
支原体肺炎,异丙托溴铵气雾剂小孩支原体肺炎能不能用,小孩支原体肺炎能用异丙托溴铵气雾剂吗？,1
支原体肺炎,异丙托溴铵气雾剂小孩支原体肺炎能不能用,小孩支原体肺炎有哪些症状？,0
支原体肺炎,异丙托溴铵气雾剂小孩支原体肺炎能不能用,异丙托溴铵气雾剂是治疗什么疾病的？,0
支原体肺炎,异丙托溴铵气雾剂小孩支原体肺炎能不能用,异丙托溴铵气雾剂的用法用量是什么？,0
支原体肺炎,请问顺尔宁有何功效可以治疗支原体肺炎吗,请问顺尔宁有什么作用可以用来治疗支原体肺炎吗？,1
支原体肺炎,请问顺尔宁有何功效可以治疗支原体肺炎吗,请问顺尔宁功效是什么能否治疗支原体肺炎？,1
支原体肺炎,请问顺尔宁有何功效可以治疗支原体肺炎吗,请问顺尔宁治疗支原体肺炎有没有不良后果？,0
支原体肺炎,请问顺尔宁有何功效可以治疗支原体肺炎吗,请问顺尔宁的注意事项是什么？,0
支原体肺炎,请问顺尔宁有何功效可以治疗支原体肺炎吗,请问顺尔宁能治什么疾病？,0
支原体肺炎,宝宝一周得了支原体肺炎输了五天阿奇霉素可以吗,宝宝一周得了支原体肺炎输了五天阿奇霉素可以这样吗？,1
支原体肺炎,宝宝一周得了支原体肺炎输了五天阿奇霉素可以吗,宝宝一周得了支原体肺炎输了五天阿奇霉素能行吗？,1
支原体肺炎,宝宝一周得了支原体肺炎输了五天阿奇霉素可以吗,支原体肺炎打阿奇霉素不见好是什么原因？,0
支原体肺炎,宝宝一周得了支原体肺炎输了五天阿奇霉素可以吗,支原体肺炎可以根治吗？,0
支原体肺炎,宝宝一周得了支原体肺炎输了五天阿奇霉素可以吗,得了支原体肺炎输阿奇霉素有啥副作用？,0
支原体肺炎,支原体肺炎感染，可以不打吊瓶嘛？,支原体肺炎感染，不打吊瓶可以吗？,1
支原体肺炎,支原体肺炎感染，可以不打吊瓶嘛？,支原体肺炎感染，能否不打吊瓶？,1
支原体肺炎,支原体肺炎感染，可以不打吊瓶嘛？,支原体肺炎感染怎么治疗？,0
支原体肺炎,支原体肺炎感染，可以不打吊瓶嘛？,支原体肺炎感染有什么症状？,0
支原体肺炎,支原体肺炎感染，可以不打吊瓶嘛？,支原体肺炎感染如何预防？,0
支原体肺炎,支原体肺炎感染，可以不打吊瓶嘛？,支原体肺炎感染能否不打吊瓶？,1
支原体肺炎,支原体肺炎感染，可以不打吊瓶嘛？,支原体肺炎感染，不打吊瓶能行吗？,1
支原体肺炎,支原体肺炎感染，可以不打吊瓶嘛？,支原体肺炎感染怎么办？,0
支原体肺炎,支原体肺炎感染，可以不打吊瓶嘛？,支原体肺炎感染是什么症状？,0
支原体肺炎,支原体肺炎感染，可以不打吊瓶嘛？,支原体肺炎感染吃什么药？,0
支原体肺炎,支原体肺炎吃转移因子胶囊可以吗,支原体肺炎能吃转移因子胶囊吗？,1
支原体肺炎,支原体肺炎吃转移因子胶囊可以吗,支原体肺炎病人吃转移因子胶囊可取吗？,1
支原体肺炎,支原体肺炎吃转移因子胶囊可以吗,支原体肺炎会自己好吗？,0
支原体肺炎,支原体肺炎吃转移因子胶囊可以吗,转移因子胶囊是用来治疗什么的？,0
支原体肺炎,支原体肺炎吃转移因子胶囊可以吗,转移因子胶囊有什么注意的？,0
支原体肺炎,请问顺尔宁是用于什么疾病的,请问顺尔宁能治什么疾病？,1
支原体肺炎,请问顺尔宁是用于什么疾病的,请问顺尔宁是用于治疗怎样的疾病？,1
支原体肺炎,请问顺尔宁是用于什么疾病的,请问顺尔宁有什么副作用吗？,0
支原体肺炎,请问顺尔宁是用于什么疾病的,请问顺尔宁的注意事项是什么？,0
支原体肺炎,请问顺尔宁是用于什么疾病的,请问顺尔宁有哪些适应症？,0
支原体肺炎,检查支原体肺炎结果要多久？,肺炎支原体检查多久出结果？,1
支原体肺炎,检查支原体肺炎结果要多久？,肺炎支原体检查结果多长时间能出来？,1
支原体肺炎,检查支原体肺炎结果要多久？,肺炎支原体抽血检查能确诊吗？,0
支原体肺炎,检查支原体肺炎结果要多久？,肺炎支原体检查去哪个科室？,0
支原体肺炎,检查支原体肺炎结果要多久？,怎样检查有肺炎支原体？,0
支原体肺炎,成年人会得支原体肺炎吗？,成年人会不会得支原体肺炎？,1
支原体肺炎,成年人会得支原体肺炎吗？,成年人是否会患上支原体肺炎吗？,1
支原体肺炎,成年人会得支原体肺炎吗？,肺炎支原体感染可以自愈吗？,0
支原体肺炎,成年人会得支原体肺炎吗？,支原体感染严重吗？,0
支原体肺炎,成年人会得支原体肺炎吗？,支原体肺炎会有哪些症状？,0
支原体肺炎,你好，两岁多女孩去医院检查为支原体肺炎怎么治？,你好，两岁多女孩去医院检查为支原体肺炎如何治疗？,1
支原体肺炎,你好，两岁多女孩去医院检查为支原体肺炎怎么治？,你好，两岁多女孩去医院检查为支原体肺炎该怎么治疗呢？,1
支原体肺炎,你好，两岁多女孩去医院检查为支原体肺炎怎么治？,宝宝支原体肺炎严重吗？,0
支原体肺炎,你好，两岁多女孩去医院检查为支原体肺炎怎么治？,请问小孩支原体肺炎的症状有哪些？,0
支原体肺炎,你好，两岁多女孩去医院检查为支原体肺炎怎么治？,小孩支原体的病因是什么？,0
支原体肺炎,支原体肺炎，好了以后脸和耳朵红是怎么了？,支原体肺炎，好了以后脸和耳朵红是什么情况？,1
支原体肺炎,支原体肺炎，好了以后脸和耳朵红是怎么了？,支原体肺炎，好了以后脸和耳朵红是怎么回事？,1
支原体肺炎,支原体肺炎，好了以后脸和耳朵红是怎么了？,支原体肺炎有后遗症吗？,0
支原体肺炎,支原体肺炎，好了以后脸和耳朵红是怎么了？,支原体肺炎好治吗？,0
支原体肺炎,支原体肺炎，好了以后脸和耳朵红是怎么了？,支原体肺炎患者应该怎么治疗比较好呢？,0
支原体肺炎,小儿支原体肺炎，需要如何治疗?,小儿支原体肺炎要怎么治疗？,1
支原体肺炎,小儿支原体肺炎，需要如何治疗?,该如何治疗小儿支原体肺炎？,1
支原体肺炎,小儿支原体肺炎，需要如何治疗?,小儿支原体肺炎是什么？,0
支原体肺炎,小儿支原体肺炎，需要如何治疗?,小儿支原体肺炎是什么症状？,0
支原体肺炎,小儿支原体肺炎，需要如何治疗?,小儿支原体肺炎怎么确诊？,0
支原体肺炎,肺炎输液期间吃辣椒会影响消炎吗？,肺炎输液期间吃辣椒会不会影响消炎？,1
支原体肺炎,肺炎输液期间吃辣椒会影响消炎吗？,肺炎输液期间吃辣椒对消炎有影响吗？,1
支原体肺炎,肺炎输液期间吃辣椒会影响消炎吗？,肺炎怎么办，不烧可以不输液治疗吗？,0
支原体肺炎,肺炎输液期间吃辣椒会影响消炎吗？,宝宝肺炎输液后拉稀怎么办？,0
支原体肺炎,肺炎输液期间吃辣椒会影响消炎吗？,肺炎可以吃辣椒吗？,0
支原体肺炎,宝宝前段时间支原体肺炎，好了快半月了又复发咋办,宝宝前段时间支原体肺炎，好了快半月了又复发该怎么办？,1
支原体肺炎,宝宝前段时间支原体肺炎，好了快半月了又复发咋办,宝宝前段时间支原体肺炎，好了快半月了又复发如何是好？,1
支原体肺炎,宝宝前段时间支原体肺炎，好了快半月了又复发咋办,宝宝支原体肺炎严重吗？,0
支原体肺炎,宝宝前段时间支原体肺炎，好了快半月了又复发咋办,宝宝支原体肺炎复发有哪些症状？,0
支原体肺炎,宝宝前段时间支原体肺炎，好了快半月了又复发咋办,宝宝支原体肺炎多久能好？,0
支原体肺炎,支原体肺炎恢复期传染吗,支原体肺炎恢复期会传染吗？,1
支原体肺炎,支原体肺炎恢复期传染吗,支原体肺炎在恢复期内会不会传染？,1
支原体肺炎,支原体肺炎恢复期传染吗,支原体感染能断根吗？,0
支原体肺炎,支原体肺炎恢复期传染吗,支原体感染肺炎好治疗吗？,0
支原体肺炎,支原体肺炎恢复期传染吗,支原体肺炎怎么感染的？,0
支原体肺炎,支原体肺炎要怎么治疗好,支原体肺炎患者应该怎么治疗比较好呢？,1
支原体肺炎,支原体肺炎要怎么治疗好,支原体肺炎要如何治疗好？,1
支原体肺炎,支原体肺炎要怎么治疗好,小儿支原体肺炎患者应该吃什么好？,0
支原体肺炎,支原体肺炎要怎么治疗好,支原体肺炎患者喷的飞沫空气中存活多长时间？,0
支原体肺炎,支原体肺炎要怎么治疗好,肺炎支原体感染患者接触如何预防？,0
支原体肺炎,两岁六个月宝宝支原体肺炎怎么办？,两岁六个月宝宝支原体肺炎如何是好？,1
支原体肺炎,两岁六个月宝宝支原体肺炎怎么办？,两岁六个月宝宝支原体肺炎该怎么治疗？,1
支原体肺炎,两岁六个月宝宝支原体肺炎怎么办？,宝宝支原体肺炎多久能好？,0
支原体肺炎,两岁六个月宝宝支原体肺炎怎么办？,请问小孩支原体肺炎的症状有哪些？,0
支原体肺炎,两岁六个月宝宝支原体肺炎怎么办？,宝宝支原体肺炎严重吗？,0
支原体肺炎,3岁宝宝支原体肺炎，弱阳性是什么啊。,3岁宝宝支原体肺炎，弱阳性是什么意思？,1
支原体肺炎,3岁宝宝支原体肺炎，弱阳性是什么啊。,3岁宝宝支原体肺炎，弱阳性代表什么？,1
支原体肺炎,3岁宝宝支原体肺炎，弱阳性是什么啊。,支原体肺炎弱阳性有哪些症状？,0
支原体肺炎,3岁宝宝支原体肺炎，弱阳性是什么啊。,支原体肺炎好治吗？,0
支原体肺炎,3岁宝宝支原体肺炎，弱阳性是什么啊。,支原体肺炎弱阳性怎么治？,0
支原体肺炎,"支原体肺炎已经一个有了,怎么还是鼻塞?",支原体肺炎已经一个有了还是鼻塞是为什么?,1
支原体肺炎,"支原体肺炎已经一个有了,怎么还是鼻塞?",支原体肺炎已经一个有了为什么还是鼻塞?,1
支原体肺炎,"支原体肺炎已经一个有了,怎么还是鼻塞?",支原体肺炎怎么治?,0
支原体肺炎,"支原体肺炎已经一个有了,怎么还是鼻塞?",支原体肺炎有哪些症状?,0
支原体肺炎,"支原体肺炎已经一个有了,怎么还是鼻塞?",支原体肺炎鼻塞能吃药吗?,0
支原体肺炎,小儿支气管支原体肺炎打针后还发烧是怎么了,小儿支气管支原体肺炎打针后还发烧是怎么回事？,1
支原体肺炎,小儿支气管支原体肺炎打针后还发烧是怎么了,为什么小儿支气管支原体肺炎打针后还发烧？,1
支原体肺炎,小儿支气管支原体肺炎打针后还发烧是怎么了,小儿支气管支原体肺炎能吃水果吗？,0
支原体肺炎,小儿支气管支原体肺炎打针后还发烧是怎么了,小儿支气管支原体肺炎有哪些注意事项？,0
支原体肺炎,小儿支气管支原体肺炎打针后还发烧是怎么了,小儿支气管支原体肺炎的临床表现是什么？,0
支原体肺炎,小孩患支原体肺炎，还低烧，怎么办？,宝宝肺炎支原体持续低烧不退如何是好？,1
支原体肺炎,小孩患支原体肺炎，还低烧，怎么办？,小孩患支原体肺炎，还低烧，该怎么处理办？,1
支原体肺炎,小孩患支原体肺炎，还低烧，怎么办？,肺炎支原体会一直低烧的吗？,0
支原体肺炎,小孩患支原体肺炎，还低烧，怎么办？,小孩支原体肺炎出院后会持续低热吗？,0
支原体肺炎,小孩患支原体肺炎，还低烧，怎么办？,孩子5岁肺炎支原体阳性低烧正常吗？,0
支原体肺炎,"女儿九岁,支原体肺炎,已吃药两天不见好怎么办","女儿九岁,支原体肺炎,已吃药两天不见好怎么治疗？",1
支原体肺炎,"女儿九岁,支原体肺炎,已吃药两天不见好怎么办","女儿九岁,支原体肺炎,已吃药两天不见好该如何是好？",1
支原体肺炎,"女儿九岁,支原体肺炎,已吃药两天不见好怎么办",请问小孩支原体肺炎的症状有哪些？,0
支原体肺炎,"女儿九岁,支原体肺炎,已吃药两天不见好怎么办",支原体肺炎好治吗？,0
支原体肺炎,"女儿九岁,支原体肺炎,已吃药两天不见好怎么办",宝宝支原体肺炎多久能好？,0
胸膜炎,干性胸膜炎有什么症状?,请问干性胸膜炎有哪些症状,1
胸膜炎,干性胸膜炎有什么症状?,干性胸膜炎的症状是什么?,1
胸膜炎,干性胸膜炎有什么症状?,干性胸膜炎怎么治疗,0
胸膜炎,干性胸膜炎有什么症状?,干性胸膜炎吃什么药,0
胸膜炎,干性胸膜炎有什么症状?,干性胸膜炎怎么办,0
胸膜炎,胸膜炎是什么症状?吃什么药好?,胸膜炎有哪些症状?吃什么药好?,1
胸膜炎,胸膜炎是什么症状?吃什么药好?,胸膜炎症状是什么?吃什么药好?,1
胸膜炎,胸膜炎是什么症状?吃什么药好?,胸膜炎症状吃什么药,0
胸膜炎,胸膜炎是什么症状?吃什么药好?,胸膜炎的症状该吃什么药,0
胸膜炎,胸膜炎是什么症状?吃什么药好?,胸膜炎症状吃什么药，可以治疗,0
胸膜炎,胸膜炎做什么检查能查出?,胸膜炎做什么检查确诊？,1
胸膜炎,胸膜炎做什么检查能查出?,到医院做什么检查才能检查出是胸膜炎？,1
胸膜炎,胸膜炎做什么检查能查出?,胸膜炎应该做什么检查？,0
胸膜炎,胸膜炎做什么检查能查出?,胸膜炎需要做什么检查？,0
胸膜炎,胸膜炎做什么检查能查出?,胸膜炎要做哪些检查？,0
胸膜炎,胸膜炎的治疗方法有哪些?,胸膜炎的治疗手段有什么？,1
胸膜炎,胸膜炎的治疗方法有哪些?,胸膜炎有什么方法治疗,1
胸膜炎,胸膜炎的治疗方法有哪些?,结核性胸膜炎的治疗方法有哪些,0
胸膜炎,胸膜炎的治疗方法有哪些?,胸膜炎最佳治疗方法是什么？,0
胸膜炎,胸膜炎的治疗方法有哪些?,胸膜炎的最有效治疗方法有哪些？,0
胸膜炎,胸膜炎结核，冶疗10天，还需要继续治疗吗,胸膜炎结核，冶疗10天，会不会有好转？,1
胸膜炎,胸膜炎结核，冶疗10天，还需要继续治疗吗,对于胸膜炎结核，治疗十天后还用继续治疗吗？,1
胸膜炎,胸膜炎结核，冶疗10天，还需要继续治疗吗,胸膜炎结核，治疗周期大概多久？,0
胸膜炎,胸膜炎结核，冶疗10天，还需要继续治疗吗,胸膜炎结核，可以治疗嘛,0
胸膜炎,胸膜炎结核，冶疗10天，还需要继续治疗吗,胸膜炎结核，能治疗好嘛,0
胸膜炎,请问胸膜炎伴积水是否严重？,胸膜炎伴积水严重吗？,1
胸膜炎,请问胸膜炎伴积水是否严重？,请问胸膜炎伴积水是不是严重？,1
胸膜炎,请问胸膜炎伴积水是否严重？,请问胸膜炎伴积水怎么办,0
胸膜炎,请问胸膜炎伴积水是否严重？,请问胸膜炎伴积水如何治疗,0
胸膜炎,请问胸膜炎伴积水是否严重？,请问胸膜炎伴积水吃什么药好？,0
胸膜炎,请问胸膜炎有粘连反复发作怎么办？,请问胸膜炎两层互相粘连了怎么办,1
胸膜炎,请问胸膜炎有粘连反复发作怎么办？,粘连性胸膜炎怎么治疗?,1
胸膜炎,请问胸膜炎有粘连反复发作怎么办？,干性胸膜炎右侧轻度粘连复发怎么办？,0
胸膜炎,请问胸膜炎有粘连反复发作怎么办？,请问胸膜炎有粘连反复发作是什么原因？,0
胸膜炎,请问胸膜炎有粘连反复发作怎么办？,请问胸膜炎有粘连反复发作吃什么药有用？,0
胸膜炎,请问胸膜炎积水术后还会复发吗？,请问胸膜炎积水术后会不会复发？,1
胸膜炎,请问胸膜炎积水术后还会复发吗？,请问胸膜炎积水术后又没有可能复发？,1
胸膜炎,请问胸膜炎积水术后还会复发吗？,请问胸膜炎积水术后怎么保养？,0
胸膜炎,请问胸膜炎积水术后还会复发吗？,请问胸膜炎积水术后饮食药注意什么？,0
胸膜炎,请问胸膜炎积水术后还会复发吗？,请问胸膜炎积水术后生活有什么要注意的？,0
胸膜炎,请问胸膜炎吃药多久有效果？,请问胸膜炎吃药多久能看到效果？,1
胸膜炎,请问胸膜炎吃药多久有效果？,请问胸膜炎吃药有效果需要多长时间？,1
胸膜炎,请问胸膜炎吃药多久有效果？,请问胸膜炎吃药有用吗,0
胸膜炎,请问胸膜炎吃药多久有效果？,请问胸膜炎吃药能治愈吗？,0
胸膜炎,请问胸膜炎吃药多久有效果？,请问胸膜炎除了吃药还有什么其他方法吗？,0
胸膜炎,请问胸膜炎是怎样引起的？,请问胸膜炎一般是怎样引起的？,1
胸膜炎,请问胸膜炎是怎样引起的？,造成胸膜炎的原因是什么？,1
胸膜炎,请问胸膜炎是怎样引起的？,请问胸膜炎是怎么引起的要怎么治,0
胸膜炎,请问胸膜炎是怎样引起的？,请问胸膜炎怎么治疗？,0
胸膜炎,请问胸膜炎是怎样引起的？,请问胸膜炎吃什么药好？,0
胸膜炎,请问右上腹肋间痛是胸膜炎吗？,请问右上腹肋间痛是不是胸膜炎？,1
胸膜炎,请问右上腹肋间痛是胸膜炎吗？,请问右上腹肋间痛会不会是胸膜炎？,1
胸膜炎,请问右上腹肋间痛是胸膜炎吗？,请问右上腹肋间痛是什么情况,0
胸膜炎,请问右上腹肋间痛是胸膜炎吗？,请问右上腹肋间痛是什么病？,0
胸膜炎,请问右上腹肋间痛是胸膜炎吗？,请问右上腹肋间痛是怎么回事？,0
胸膜炎,请问患过结核胸膜炎能怀孕吗？,请问患过结核胸膜炎能不能怀孕吗？,1
胸膜炎,请问患过结核胸膜炎能怀孕吗？,请问患过结核胸膜炎可以怀孕吗？,1
胸膜炎,请问患过结核胸膜炎能怀孕吗？,请问患过结核胸膜炎对生育功能有影响吗？,0
胸膜炎,请问患过结核胸膜炎能怀孕吗？,请问患过结核胸膜炎还有生育功能吗？,0
胸膜炎,请问患过结核胸膜炎能怀孕吗？,请问患过结核胸膜炎有什么后遗症？,0
胸膜炎,请问干性胸膜炎用什么药？,你好：我是干性胸膜炎，请问用能什么药治疗,1
胸膜炎,请问干性胸膜炎用什么药？,请问干性胸膜炎吃什么药？,1
胸膜炎,请问干性胸膜炎用什么药？,请问干性胸膜炎有什么症状？,0
胸膜炎,请问干性胸膜炎用什么药？,请问干性胸膜炎用什么药最好？,0
胸膜炎,请问干性胸膜炎用什么药？,请问干性胸膜炎能治愈吗？,0
胸膜炎,请问包裹性的结合胸膜炎怎样根治？,请问包裹性的结合胸膜炎如何根治？,1
胸膜炎,请问包裹性的结合胸膜炎怎样根治？,请问如何根治包裹性的结合胸膜炎？,1
胸膜炎,请问包裹性的结合胸膜炎怎样根治？,请问包裹性的结合胸膜炎怎么办？,0
胸膜炎,请问包裹性的结合胸膜炎怎样根治？,请问包裹性的结合胸膜炎可以吃什么药,0
胸膜炎,请问包裹性的结合胸膜炎怎样根治？,请问包裹性的结合胸膜炎有什么好的治疗方法,0
胸膜炎,胸膜炎如何治疗饮食方面有哪些建议,胸膜炎如何治疗饮食方面有什么建议,1
胸膜炎,胸膜炎如何治疗饮食方面有哪些建议,胸膜炎如何治疗饮食方面有什么需要注意的,1
胸膜炎,胸膜炎如何治疗饮食方面有哪些建议,胸膜炎怎样治疗饮食方面有什么不能吃的,0
胸膜炎,胸膜炎如何治疗饮食方面有哪些建议,胸膜炎如何治疗饮食方面有哪些可以吃的,0
胸膜炎,胸膜炎如何治疗饮食方面有哪些建议,胸膜炎如何治疗饮食方面需要不要忌口？,0
胸膜炎,细菌性胸膜炎应如何治疗可治愈吗,细菌性胸膜炎应如何治疗能否治愈吗,1
胸膜炎,细菌性胸膜炎应如何治疗可治愈吗,细菌性胸膜炎应如何治疗可不可以治愈,1
胸膜炎,细菌性胸膜炎应如何治疗可治愈吗,细菌性胸膜炎应如何治疗,0
胸膜炎,细菌性胸膜炎应如何治疗可治愈吗,细菌性胸膜炎应可治愈吗,0
胸膜炎,细菌性胸膜炎应如何治疗可治愈吗,细菌性胸膜炎应如何治疗治愈的几率高吗,0
胸膜炎,胸膜炎治疗不当会产生什么后果,胸膜炎治疗不当会有什么结果？,1
胸膜炎,胸膜炎治疗不当会产生什么后果,胸膜炎治疗不当会产生哪些后果？,1
胸膜炎,胸膜炎治疗不当会产生什么后果,胸膜炎治疗不当怎么办,0
胸膜炎,胸膜炎治疗不当会产生什么后果,胸膜炎治疗不当后果严重吗,0
胸膜炎,胸膜炎治疗不当会产生什么后果,胸膜炎治疗不当有什么补救方法吗？,0
胸膜炎,结核胸膜炎，已经腹水了,结核性胸膜炎腹水怎么办？,1
胸膜炎,结核胸膜炎，已经腹水了,结核性胸膜炎和肝腹水如何治疗？,1
胸膜炎,结核胸膜炎，已经腹水了,结核胸膜炎，已经腹水了，严重吗？,0
胸膜炎,结核胸膜炎，已经腹水了,结核胸膜炎，已经腹水了，会不会致死？,0
胸膜炎,结核胸膜炎，已经腹水了,结核胸膜炎，已经腹水了，有什么好的治疗方法,0
胸膜炎,结核性渗出性胸膜炎的治疗方法有哪些,结核性渗出性胸膜炎有什么治疗方法？,1
胸膜炎,结核性渗出性胸膜炎的治疗方法有哪些,结核性渗出性胸膜炎有哪些治疗方法,1
胸膜炎,结核性渗出性胸膜炎的治疗方法有哪些,结核性渗出性胸膜炎怎么治疗,0
胸膜炎,结核性渗出性胸膜炎的治疗方法有哪些,结核性渗出性胸膜炎有什么药可以吃,0
胸膜炎,结核性渗出性胸膜炎的治疗方法有哪些,结核性渗出性胸膜炎严重吗,0
胸膜炎,胸膜炎积水已经包裹感冒会复发吗,胸膜炎积水已经包裹感冒会不会复发？,1
胸膜炎,胸膜炎积水已经包裹感冒会复发吗,胸膜炎积水已经包裹会导致感冒复发吗？,1
胸膜炎,胸膜炎积水已经包裹感冒会复发吗,胸膜炎积水感冒会复发吗？,0
胸膜炎,胸膜炎积水已经包裹感冒会复发吗,胸膜炎积水已经包裹严重吗？,0
胸膜炎,胸膜炎积水已经包裹感冒会复发吗,胸膜炎积水已经包裹怎么办？,0
胸膜炎,胸膜炎做CT能查出来吗,胸膜炎做个胸部CT能检查出来吗？,1
胸膜炎,胸膜炎做CT能查出来吗,CT能查出胸膜炎吗？,1
胸膜炎,胸膜炎做CT能查出来吗,胸透和胸部CT能检查胸膜炎吗？,0
胸膜炎,胸膜炎做CT能查出来吗,CT检查出胸膜炎，请问该如何治疗？,0
胸膜炎,胸膜炎做CT能查出来吗,CT检查出胸膜炎，请问该怎么办？,0
胸膜炎,胸膜炎可以喝铁打药酒吗？,胸膜炎能不能喝铁打药酒？,1
胸膜炎,胸膜炎可以喝铁打药酒吗？,铁打药酒可以治疗胸膜炎嘛？,1
胸膜炎,胸膜炎可以喝铁打药酒吗？,胸膜炎可以吃什么？,0
胸膜炎,胸膜炎可以喝铁打药酒吗？,胸膜炎饮食有什么需要注意的,0
胸膜炎,胸膜炎可以喝铁打药酒吗？,胸膜炎怎么治疗？,0
胸膜炎,胸膜炎好了胸疼怎么回事,胸膜炎好了胸疼什么原因？,1
胸膜炎,胸膜炎好了胸疼怎么回事,胸膜炎好了为什么还会胸疼？,1
胸膜炎,胸膜炎好了胸疼怎么回事,胸膜炎、胸部疼痛怎么办？,0
胸膜炎,胸膜炎好了胸疼怎么回事,胸膜炎抽水后呼吸胸部疼痛，怎么回事？,0
胸膜炎,胸膜炎好了胸疼怎么回事,胸膜炎恢复期会胸疼吗？,0
胸膜炎,胸膜炎打头孢匹胺有用吗,胸膜炎打头孢匹胺有效果吗,1
胸膜炎,胸膜炎打头孢匹胺有用吗,胸膜炎打头孢匹胺管用吗？,1
胸膜炎,胸膜炎打头孢匹胺有用吗,胸膜炎打头孢匹胺可以吗？,0
胸膜炎,胸膜炎打头孢匹胺有用吗,胸膜炎可以打头孢匹胺吗？,0
胸膜炎,胸膜炎打头孢匹胺有用吗,胸膜炎用什么药最好,0
胸膜炎,胸膜炎抽水出血丝怎么回事,胸膜炎抽水出血丝是什么原因？,1
胸膜炎,胸膜炎抽水出血丝怎么回事,胸膜炎抽水出血丝是什么情况？,1
胸膜炎,胸膜炎抽水出血丝怎么回事,胸膜炎抽水出血丝怎么办,0
胸膜炎,胸膜炎抽水出血丝怎么回事,胸膜炎抽水出血丝怎么治疗,0
胸膜炎,胸膜炎抽水出血丝怎么回事,胸膜炎抽水出血丝如何治理,0
胸膜炎,胸闷疼后背难受是胸膜炎吗,胸闷疼后背难受是不是胸膜炎,1
胸膜炎,胸闷疼后背难受是胸膜炎吗,胸闷疼后背难受会不会是胸膜炎,1
胸膜炎,胸闷疼后背难受是胸膜炎吗,胸闷疼后背难受是胸膜炎的症状吗,0
胸膜炎,胸闷疼后背难受是胸膜炎吗,胸闷疼后背难受是什么原因呢,0
胸膜炎,胸闷疼后背难受是胸膜炎吗,胸闷疼后背难受是什么病症吗？,0
胸膜炎,陈旧性胸膜炎应注意什么,陈旧性胸膜炎注意事项,1
胸膜炎,陈旧性胸膜炎应注意什么,陈旧性胸膜炎有什么需要注意的,1
胸膜炎,陈旧性胸膜炎应注意什么,陈旧性胸膜炎应饮食要注意什么,0
胸膜炎,陈旧性胸膜炎应注意什么,陈旧性胸膜炎应可以运动吗？,0
胸膜炎,陈旧性胸膜炎应注意什么,陈旧性胸膜炎怎么治疗？,0
胸膜炎,胸膜炎治愈后会有后遗症吗？,胸膜炎治愈后有没有后遗症？,1
胸膜炎,胸膜炎治愈后会有后遗症吗？,胸膜炎治愈后会不会有后遗症？,1
胸膜炎,胸膜炎治愈后会有后遗症吗？,胸膜炎 胸膜炎治愈后会有后遗症吗,0
胸膜炎,胸膜炎治愈后会有后遗症吗？,"结核性胸膜炎治愈后,有哪些后遗症",0
胸膜炎,胸膜炎治愈后会有后遗症吗？,胸膜炎治愈后会有什么症状吗？,0
胸膜炎,请问胸膜炎有哪些症状,胸膜炎的症状有哪些啊？,1
胸膜炎,请问胸膜炎有哪些症状,胸膜炎有哪些症状表现,1
胸膜炎,请问胸膜炎有哪些症状,胸膜炎是什么病啊，得了胸膜炎会有哪些征兆,0
胸膜炎,请问胸膜炎有哪些症状,请问胸膜炎吃什么药可以治疗.,0
胸膜炎,请问胸膜炎有哪些症状,请问胸膜炎有什么饮食需要注意的？.,0
胸膜炎,胸膜炎饮食需要注意什么？,胸膜炎要注意什么饮食?,1
胸膜炎,胸膜炎饮食需要注意什么？,胸膜炎的饮食要注意什么？,1
胸膜炎,胸膜炎饮食需要注意什么？,结核型胸膜炎饮食应该注意什么？,0
胸膜炎,胸膜炎饮食需要注意什么？,胸膜炎平时饮食要注意什么,0
胸膜炎,胸膜炎饮食需要注意什么？,结核性胸膜炎的饮食要注意什么,0
胸膜炎,干性胸膜炎是否传染？和注意事项..,干性胸膜炎能否传染？和注意事项..,1
胸膜炎,干性胸膜炎是否传染？和注意事项..,干性胸膜炎是不是传染？和注意事项..,1
胸膜炎,干性胸膜炎是否传染？和注意事项..,干性胸膜炎是否传染？,0
胸膜炎,干性胸膜炎是否传染？和注意事项..,干性胸膜炎有什么注意事项..,0
胸膜炎,干性胸膜炎是否传染？和注意事项..,干性胸膜炎有什么症状？,0
胸膜炎,得胸膜炎后怎么照顾自己,得胸膜炎后要怎样照顾自己,1
胸膜炎,得胸膜炎后怎么照顾自己,得胸膜炎后如何照顾自己,1
胸膜炎,得胸膜炎后怎么照顾自己,得胸膜炎后怎么办,0
胸膜炎,得胸膜炎后怎么照顾自己,得胸膜炎后吃什么药,0
胸膜炎,得胸膜炎后怎么照顾自己,得胸膜炎后怎么治疗,0
胸膜炎,治胸膜炎用什么中成药好,治胸膜炎用哪种中成药好,1
胸膜炎,治胸膜炎用什么中成药好,什么中成药治疗治胸膜炎好,1
胸膜炎,治胸膜炎用什么中成药好,治胸膜炎的方法,0
胸膜炎,治胸膜炎用什么中成药好,治胸膜炎最好的方法,0
胸膜炎,治胸膜炎用什么中成药好,治胸膜炎用西药好还是中药好？,0
胸膜炎,治胸膜炎用什么中成药好,治胸膜炎什么中成药效果好,1
胸膜炎,治胸膜炎用什么中成药好,什么中成药治胸膜炎效果好,1
胸膜炎,治胸膜炎用什么中成药好,治胸膜炎需要做什么检查,0
胸膜炎,治胸膜炎用什么中成药好,治胸膜炎期间应该注意什么,0
胸膜炎,治胸膜炎用什么中成药好,治胸膜炎期间会不会传染,0
胸膜炎,胸膜炎、胸部疼痛怎么办,胸膜炎胸部痛怎么治疗,1
胸膜炎,胸膜炎、胸部疼痛怎么办,胸膜炎、胸部疼痛怎么处理,1
胸膜炎,胸膜炎、胸部疼痛怎么办,结核胸膜炎胸疼怎么办,0
胸膜炎,胸膜炎、胸部疼痛怎么办,胸部疼痛 是不是胸膜炎？,0
胸膜炎,胸膜炎、胸部疼痛怎么办,初诊胸膜炎胸疼痛该怎么办,0
胸膜炎,胸膜炎急性胸部疼痛怎么缓解,胸膜炎急性胸部疼痛如何缓解,1
胸膜炎,胸膜炎急性胸部疼痛怎么缓解,胸膜炎急性胸部疼痛怎样才能缓解,1
胸膜炎,胸膜炎急性胸部疼痛怎么缓解,胸膜炎急性胸部疼痛怎么办,0
胸膜炎,胸膜炎急性胸部疼痛怎么缓解,胸膜炎急性胸部疼痛怎么处理,0
胸膜炎,胸膜炎急性胸部疼痛怎么缓解,胸膜炎急性胸部疼痛什么原因,0
胸膜炎,包裹性胸膜炎手术后还会复发吗,包裹性胸膜炎手术后会不会复发？,1
胸膜炎,包裹性胸膜炎手术后还会复发吗,包裹性胸膜炎手术后是否会复发,1
胸膜炎,包裹性胸膜炎手术后还会复发吗,包裹性胸膜炎手术后怎么修养,0
胸膜炎,包裹性胸膜炎手术后还会复发吗,包裹性胸膜炎手术后有什么需要注意的,0
胸膜炎,包裹性胸膜炎手术后还会复发吗,包裹性胸膜炎手术后饮食有什么需要注意的,0
胸膜炎,胸膜炎的症状该吃什么药,胸膜炎的症状吃什么药,1
胸膜炎,胸膜炎的症状该吃什么药,胸膜炎的症状该吃哪种药,1
胸膜炎,胸膜炎的症状该吃什么药,胸膜炎症状吃什么药，可以治疗,0
胸膜炎,胸膜炎的症状该吃什么药,胸膜炎症状要怎样冶吃什么药,0
胸膜炎,胸膜炎的症状该吃什么药,胸膜炎是什么症状吃什么药,0
胸膜炎,胸膜炎症状胸膜炎严重不严重,胸膜炎症状胸膜炎严不严重？,1
胸膜炎,胸膜炎症状胸膜炎严重不严重,胸膜炎症状胸膜炎严重吗？,1
胸膜炎,胸膜炎症状胸膜炎严重不严重,急性胸膜炎，急性胸膜炎严重吗,0
胸膜炎,胸膜炎症状胸膜炎严重不严重,胸膜炎症状严重吗,0
胸膜炎,胸膜炎症状胸膜炎严重不严重,胸膜炎严重吗,0
胸膜炎,胸膜炎一年了做什么复查？,胸膜炎一年了要做哪些复查？,1
胸膜炎,胸膜炎一年了做什么复查？,胸膜炎一年了做一些什么复查？,1
胸膜炎,胸膜炎一年了做什么复查？,胸膜炎一年了怎么办,0
胸膜炎,胸膜炎一年了做什么复查？,胸膜炎一年了如何治疗,0
胸膜炎,胸膜炎一年了做什么复查？,胸膜炎一年了吃什么药好,0
胸膜炎,胸膜炎可以根治吗严重吗,胸膜炎严重吗能治愈吗,1
胸膜炎,胸膜炎可以根治吗严重吗,胸膜炎严重吗，好治疗吗？,1
胸膜炎,胸膜炎可以根治吗严重吗,胸膜炎会不会传染，严重吗？能不能治愈？,0
胸膜炎,胸膜炎可以根治吗严重吗,支气管炎，胸膜炎如何治疗？严重吗？,0
胸膜炎,胸膜炎可以根治吗严重吗,胸膜炎严不严重怎么治疗,0
胸膜炎,胸膜炎是什么原因引起的？,什么原因引起胸膜炎,1
胸膜炎,胸膜炎是什么原因引起的？,引起胸膜炎的原因是什么,1
胸膜炎,胸膜炎是什么原因引起的？,胸膜炎好治疗吗,0
胸膜炎,胸膜炎是什么原因引起的？,胸膜炎严重吗？,0
胸膜炎,胸膜炎是什么原因引起的？,胸膜炎有什么病症？,0
胸膜炎,"支气管肺炎,胸膜炎,不能吃什么","支气管肺炎,胸膜炎,不可以吃什么",1
胸膜炎,"支气管肺炎,胸膜炎,不能吃什么","支气管肺炎,胸膜炎,什么东西禁吃？",1
胸膜炎,"支气管肺炎,胸膜炎,不能吃什么","支气管肺炎,胸膜炎,不能干什么？",0
胸膜炎,"支气管肺炎,胸膜炎,不能吃什么","支气管肺炎,胸膜炎,怎么治疗",0
胸膜炎,"支气管肺炎,胸膜炎,不能吃什么","支气管肺炎,胸膜炎,吃什么药",0
胸膜炎,"支气管肺炎,胸膜炎,不能吃什么","支气管肺炎,胸膜炎,饮食上注意什么",1
胸膜炎,"支气管肺炎,胸膜炎,不能吃什么","得了支气管肺炎,胸膜炎,吃什么需要忌口",1
胸膜炎,"支气管肺炎,胸膜炎,不能吃什么",支气管肺炎严重会引发什么后遗症,0
胸膜炎,"支气管肺炎,胸膜炎,不能吃什么",支气管肺炎需要住院治疗吗,0
胸膜炎,"支气管肺炎,胸膜炎,不能吃什么",支气管肺炎是咳嗽引起的吗,0
胸膜炎,急性胸膜炎是怎么引起的呢？,怎么引起急性胸膜炎,1
胸膜炎,急性胸膜炎是怎么引起的呢？,急性胸膜炎是如何引起的呢？,1
胸膜炎,急性胸膜炎是怎么引起的呢？,急性胸膜炎是传染病吗,0
胸膜炎,急性胸膜炎是怎么引起的呢？,急性胸膜炎怎么治疗,0
胸膜炎,急性胸膜炎是怎么引起的呢？,急性胸膜炎严重吗？,0
胸膜炎,肺炎引起胸膜炎吃什么药最好？,右下肺炎引起的胸膜炎吃什么药好的快？,1
胸膜炎,肺炎引起胸膜炎吃什么药最好？,肺炎引起胸膜炎吃哪种药最好？,1
胸膜炎,肺炎引起胸膜炎吃什么药最好？,肺部感染 如肺炎引起的胸膜炎该吃什么药,0
胸膜炎,肺炎引起胸膜炎吃什么药最好？,肺炎引起胸膜炎吃什么药好？？,0
胸膜炎,肺炎引起胸膜炎吃什么药最好？,肺炎引起胸膜炎严重吗？,0
胸膜炎,胸膜炎应该先看什么科？,胸膜炎应该先看哪科？,1
胸膜炎,胸膜炎应该先看什么科？,胸膜炎应该先去什么科看？？,1
胸膜炎,胸膜炎应该先看什么科？,胸膜炎怎么办？,0
胸膜炎,胸膜炎应该先看什么科？,胸膜炎看什么科,0
胸膜炎,胸膜炎应该先看什么科？,胸膜炎严重吗？,0
胸膜炎,胸膜炎求助胸膜炎做CT前需要打针吗？,胸膜炎求助胸膜炎做CT前要不要打针吗？,1
胸膜炎,胸膜炎求助胸膜炎做CT前需要打针吗？,胸膜炎求助胸膜炎做CT前是否需要打针？,1
胸膜炎,胸膜炎求助胸膜炎做CT前需要打针吗？,胸膜炎求助胸膜炎需要打针吗？,0
胸膜炎,胸膜炎求助胸膜炎做CT前需要打针吗？,胸膜炎求助胸CT前需要打针吗？,0
胸膜炎,胸膜炎求助胸膜炎做CT前需要打针吗？,胸膜炎求助胸膜炎做CT前要做什么？,0
胸膜炎,胸膜炎是怎么引起的炎？,胸膜炎的发病原因？,1
胸膜炎,胸膜炎是怎么引起的炎？,胸膜炎是怎么引起的？,1
胸膜炎,胸膜炎是怎么引起的炎？,哪个部位的炎症可以引起胸膜炎？,0
胸膜炎,胸膜炎是怎么引起的炎？,急性胸膜炎是怎么引起的呢？,0
胸膜炎,胸膜炎是怎么引起的炎？,胸膜炎是怎样引起的?,0
胸膜炎,贞芪扶正颗粒可以辅助治疗胸膜炎吗,治疗胸膜炎用贞芪扶正颗粒有效果吗,1
胸膜炎,贞芪扶正颗粒可以辅助治疗胸膜炎吗,贞芪扶正颗粒辅助治疗胸膜炎可以吗,1
胸膜炎,贞芪扶正颗粒可以辅助治疗胸膜炎吗,贞芪扶正颗粒有什么作用,0
胸膜炎,贞芪扶正颗粒可以辅助治疗胸膜炎吗,贞芪扶正颗粒是中药还是西药,0
胸膜炎,贞芪扶正颗粒可以辅助治疗胸膜炎吗,贞芪扶正颗粒有提高人免疫力的功效吗,0
胸膜炎,肿瘤性胸膜炎是什么引起的,得肿瘤性胸膜炎跟什么有关系,1
胸膜炎,肿瘤性胸膜炎是什么引起的,是什么引起肿瘤性胸膜炎的,1
胸膜炎,肿瘤性胸膜炎是什么引起的,肿瘤性胸膜炎有什么危害,0
胸膜炎,肿瘤性胸膜炎是什么引起的,肿瘤性胸膜炎严重吗,0
胸膜炎,肿瘤性胸膜炎是什么引起的,肿瘤性胸膜炎是胸痛胸闷吗,0
胸膜炎,长期坐姿不好会得胸膜炎吗,长期坐姿不好可能得胸膜炎吗,1
胸膜炎,长期坐姿不好会得胸膜炎吗,得胸膜炎跟长期坐姿不好有关系吗,1
胸膜炎,长期坐姿不好会得胸膜炎吗,长期坐姿不好走路会驼背吗,0
胸膜炎,长期坐姿不好会得胸膜炎吗,长期坐姿不好危害大吗,0
胸膜炎,长期坐姿不好会得胸膜炎吗,长期坐姿不好的坏处有什么,0
胸膜炎,胸膜炎住院期间陪伴病人可以睡一快吗,照顾胸膜炎病人住院期间可以睡一块吗,1
胸膜炎,胸膜炎住院期间陪伴病人可以睡一快吗,胸膜炎住院期间陪伴病人一块睡可以吗,1
胸膜炎,胸膜炎住院期间陪伴病人可以睡一快吗,怎么照顾胸膜炎患者,0
胸膜炎,胸膜炎住院期间陪伴病人可以睡一快吗,得了胸膜炎传染吗,0
胸膜炎,胸膜炎住院期间陪伴病人可以睡一快吗,胸膜炎是什么引起的,0
胸膜炎,没得过肺病的人会得胸膜炎吗,没得过肺病的人得胸膜炎可能性大吗,1
胸膜炎,没得过肺病的人会得胸膜炎吗,没得过肺病的人会可能得胸膜炎吗,1
胸膜炎,没得过肺病的人会得胸膜炎吗,没得过肺病的人日常应该注意什么,0
胸膜炎,没得过肺病的人会得胸膜炎吗,没得过肺病的人用不用定期做检查,0
胸膜炎,没得过肺病的人会得胸膜炎吗,没得过肺病的人感冒了怎么办,0
胸膜炎,得过胸膜炎以后再发烧会胸疼吗,得过胸膜炎以后发烧胸会疼吗,1
胸膜炎,得过胸膜炎以后再发烧会胸疼吗,发烧会不会引起得过胸膜炎的人胸痛,1
胸膜炎,得过胸膜炎以后再发烧会胸疼吗,得过胸膜炎以后发烧病情会不会加重,0
胸膜炎,得过胸膜炎以后再发烧会胸疼吗,得过胸膜炎以后饮食应该注意什么,0
胸膜炎,得过胸膜炎以后再发烧会胸疼吗,得过胸膜炎以后能不能剧烈运动,0
胸膜炎,胸膜炎症为什么会引起肋间神经痛,胸膜炎症怎么会引起肋间神经痛,1
胸膜炎,胸膜炎症为什么会引起肋间神经痛,胸膜炎症引起肋间神经痛是怎么回事,1
胸膜炎,胸膜炎症为什么会引起肋间神经痛,胸膜炎症病毒性的患者可以自愈吗,0
胸膜炎,胸膜炎症为什么会引起肋间神经痛,胸膜炎症厉害吗,0
胸膜炎,胸膜炎症为什么会引起肋间神经痛,发现有胸膜炎症怎么办,0
胸膜炎,胸膜炎会引起反复发烧吗,反复发烧会是胸膜炎引起的吗,1
胸膜炎,胸膜炎会引起反复发烧吗,胸膜炎引起反复发烧的可能性大吗,1
胸膜炎,胸膜炎会引起反复发烧吗,结核性胸膜炎有什么特征,0
胸膜炎,胸膜炎会引起反复发烧吗,胸膜炎治好后会复发吗,0
胸膜炎,胸膜炎会引起反复发烧吗,胸痛胸闷的表现是因为胸膜炎吗,0
胸膜炎,胸膜炎的结节影是怎么回事,胸膜炎的结节影是什么意思,1
胸膜炎,胸膜炎的结节影是怎么回事,什么是胸膜炎的结节影,1
胸膜炎,胸膜炎的结节影是怎么回事,结核性胸膜炎痊愈后饮食怎么注意,0
胸膜炎,胸膜炎的结节影是怎么回事,胸膜炎有结节影什么办法可以去掉,0
胸膜炎,胸膜炎的结节影是怎么回事,结节和结节影一样吗,0
胸膜炎,结核胸膜炎消炎一星期会有好转吗,结核胸膜炎消炎一星期有好转的可能性吗,1
胸膜炎,结核胸膜炎消炎一星期会有好转吗,结核胸膜炎消炎一星期能不能好转,1
胸膜炎,结核胸膜炎消炎一星期会有好转吗,结核胸膜炎用吃消炎药吗,0
胸膜炎,结核胸膜炎消炎一星期会有好转吗,结核胸膜炎消炎一星期有没有副作用,0
胸膜炎,结核胸膜炎消炎一星期会有好转吗,结核胸膜炎是怎么得的,0
胸膜炎,检查有没胸膜炎要做什么检查,检查胸膜炎需要做什么检查,1
胸膜炎,检查有没胸膜炎要做什么检查,检查有没胸膜炎需要做什么,1
胸膜炎,检查有没胸膜炎要做什么检查,检查有没胸膜炎需要带什么东西,0
胸膜炎,检查有没胸膜炎要做什么检查,检查有没胸膜炎前能吃饭吗,0
胸膜炎,检查有没胸膜炎要做什么检查,检查有没胸膜炎麻烦吗,0
胸膜炎,从胸片能看出是什么胸膜炎吗,从胸片能看出胸膜炎类型吗,1
胸膜炎,从胸片能看出是什么胸膜炎吗,胸膜炎能从胸片看出是哪种吗,1
胸膜炎,从胸片能看出是什么胸膜炎吗,咳嗽胸闷乏力是胸膜炎吗,0
胸膜炎,从胸片能看出是什么胸膜炎吗,拍胸片主要检查什么,0
胸膜炎,从胸片能看出是什么胸膜炎吗,从胸片能看出什么,0
胸膜炎,牙龈发炎会引发胸膜炎吗,胸膜炎能由牙龈发炎引发吗,1
胸膜炎,牙龈发炎会引发胸膜炎吗,牙龈发炎有引发胸膜炎的可能性吗,1
胸膜炎,牙龈发炎会引发胸膜炎吗,牙龈发炎会引发什么,0
胸膜炎,牙龈发炎会引发胸膜炎吗,牙龈发炎是上火了吗,0
胸膜炎,牙龈发炎会引发胸膜炎吗,牙龈发炎红肿有什么小妙招,0
胸膜炎,血常规能检查胸膜炎吗？,胸膜炎血常规能检查出来吗,1
胸膜炎,血常规能检查胸膜炎吗？,血常规检查出来胸膜炎的机率大吗,1
胸膜炎,血常规能检查胸膜炎吗？,胸膜炎需要做血常规吗,0
胸膜炎,血常规能检查胸膜炎吗？,血常规检查项目都有什么,0
胸膜炎,血常规能检查胸膜炎吗？,什么情况下检查血常规,0
胸膜炎,胸膜炎引起肺委缩有得冶吗,胸膜炎引起肺委缩好治吗,1
胸膜炎,胸膜炎引起肺委缩有得冶吗,胸膜炎引起肺委缩能治好吗,1
胸膜炎,胸膜炎引起肺委缩有得冶吗,胸膜炎引起肺委缩严重吗,0
胸膜炎,胸膜炎引起肺委缩有得冶吗,胸膜炎引起肺委缩该怎么解决,0
胸膜炎,胸膜炎引起肺委缩有得冶吗,什么是肺委缩,0
胸膜炎,胸膜炎会引起肋间神经痛吗,胸膜炎有可能引起肋间神经痛吗,1
胸膜炎,胸膜炎会引起肋间神经痛吗,引起肋间神经痛的会不会是胸膜炎,1
胸膜炎,胸膜炎会引起肋间神经痛吗,胸膜炎会引起肺委缩吗,0
胸膜炎,胸膜炎会引起肋间神经痛吗,结核性胸膜炎积水排不出来怎么办,0
胸膜炎,胸膜炎会引起肋间神经痛吗,胸膜炎最初症状是什么,0
胸膜炎,胸膜炎会导致蛋白流失吗？,胸膜炎有可能导致蛋白流失吗？,1
胸膜炎,胸膜炎会导致蛋白流失吗？,导致蛋白流失的会是胸膜炎吗,1
胸膜炎,胸膜炎会导致蛋白流失吗？,胸膜炎需要补充营养品吗,0
胸膜炎,胸膜炎会导致蛋白流失吗？,蛋白流失严重吗,0
胸膜炎,胸膜炎会导致蛋白流失吗？,蛋白流失会引发什么病,0
胸膜炎,咳漱会引发胸膜炎复发吗,胸膜炎复发会是咳嗽引起的吗,1
胸膜炎,咳漱会引发胸膜炎复发吗,咳漱有可能引发胸膜炎复发吗,1
胸膜炎,咳漱会引发胸膜炎复发吗,治疗咳嗽能喝咳嗽糖浆吗,0
胸膜炎,咳漱会引发胸膜炎复发吗,咳漱会引发高烧吗,0
胸膜炎,咳漱会引发胸膜炎复发吗,一直咳嗽用拍片吗,0
胸膜炎,结核胸膜炎在什么情况下传染,在什么情况下会传染结核胸膜炎,1
胸膜炎,结核胸膜炎在什么情况下传染,在什么情况下有可能传染结核胸膜炎,1
胸膜炎,结核胸膜炎在什么情况下传染,什么是结核胸膜炎,0
胸膜炎,结核胸膜炎在什么情况下传染,胸痛咳嗽是不是结核胸膜炎,0
胸膜炎,结核胸膜炎在什么情况下传染,得了结核胸膜炎饮食该注意什么,0
胸膜炎,结合性胸膜炎检查x光能看出问题吗,检查x光能看出结合性胸膜炎有问题吗,1
胸膜炎,结合性胸膜炎检查x光能看出问题吗,结合性胸膜炎检查x光能看出不一样吗,1
胸膜炎,结合性胸膜炎检查x光能看出问题吗,结合性胸膜炎属于常见的一种疾病吗,0
胸膜炎,结合性胸膜炎检查x光能看出问题吗,结合性胸膜炎检查x光需要挂什么科,0
胸膜炎,结合性胸膜炎检查x光能看出问题吗,结合性胸膜炎是肺结核吗,0
胸膜炎,胸膜炎照x光可以查出来吗,照x光可以查出来胸膜炎吗,1
胸膜炎,胸膜炎照x光可以查出来吗,胸膜炎照x光能不能查出来,1
胸膜炎,胸膜炎照x光可以查出来吗,胸膜炎需要照X光吗,0
胸膜炎,胸膜炎照x光可以查出来吗,胸膜炎的表现是什么？,0
胸膜炎,胸膜炎照x光可以查出来吗,胸膜炎照x光应该挂什么科？,0
胸膜炎,胸膜炎患者干体力活可以吗,得了胸膜炎可以干体力活吗？,1
胸膜炎,胸膜炎患者干体力活可以吗,胸膜炎患者干体力活可以不,1
胸膜炎,胸膜炎患者干体力活可以吗,胸膜炎患者干体力活需要注意什么？,0
胸膜炎,胸膜炎患者干体力活可以吗,胸膜炎患者干体力活会不会胸痛,0
胸膜炎,胸膜炎患者干体力活可以吗,胸膜炎可以治愈吗,0
胸膜炎,胸膜炎跟心情不好有关系吗,胸膜炎跟心情不好有什么关系,1
胸膜炎,胸膜炎跟心情不好有关系吗,心情不好跟胸膜炎有关系吗？,1
胸膜炎,胸膜炎跟心情不好有关系吗,得了胸膜炎是什么感觉,0
胸膜炎,胸膜炎跟心情不好有关系吗,患者得了胸膜炎没有胃口怎么办？,0
胸膜炎,胸膜炎跟心情不好有关系吗,怎么判断是不是得了胸膜炎,0
胸膜炎,得过胸膜炎能保重大疾病险吗,得过胸膜炎可以保重大疾病险吗？,1
胸膜炎,得过胸膜炎能保重大疾病险吗,得过胸膜炎保重大疾病险可以吗,1
胸膜炎,得过胸膜炎能保重大疾病险吗,重大疾病险都包括什么,0
胸膜炎,得过胸膜炎能保重大疾病险吗,得过胸膜炎还会引起其他病吗,0
胸膜炎,得过胸膜炎能保重大疾病险吗,得过胸膜炎治愈后用不用定期检查,0
胸膜炎,支气管堵塞会引起胸膜炎吗,支气管堵塞有可能引起胸膜炎吗,1
胸膜炎,支气管堵塞会引起胸膜炎吗,引起胸膜炎会是支气管堵塞吗？,1
胸膜炎,支气管堵塞会引起胸膜炎吗,支气管的症状是什么,0
胸膜炎,支气管堵塞会引起胸膜炎吗,支气管堵塞应该怎么治疗,0
胸膜炎,支气管堵塞会引起胸膜炎吗,支气管堵塞会引起呼吸困难吗？,0
胸膜炎,胸膜炎活动时疼痛会加重吗,胸膜炎活动时疼痛有加重的可能性吗？,1
胸膜炎,胸膜炎活动时疼痛会加重吗,胸膜炎活动时疼痛有加重的机率吗？,1
胸膜炎,胸膜炎活动时疼痛会加重吗,胸膜炎患者可以剧烈运动吗？,0
胸膜炎,胸膜炎活动时疼痛会加重吗,胸膜炎活动时疼痛该注意什么,0
胸膜炎,胸膜炎活动时疼痛会加重吗,胸膜炎活动时可以做什么运动,0
胸膜炎,胸膜炎会双侧肋骨疼吗?,双侧肋骨疼会是胸膜炎引起吗?,1
胸膜炎,胸膜炎会双侧肋骨疼吗?,胸膜炎会引起双侧肋骨疼吗?,1
胸膜炎,胸膜炎会双侧肋骨疼吗?,双侧肋骨疼是剧烈运动造成的吗？,0
胸膜炎,胸膜炎会双侧肋骨疼吗?,双侧肋骨疼是什么原因,0
胸膜炎,胸膜炎会双侧肋骨疼吗?,双侧肋骨疼需要拍片吗,0
胸膜炎,胸膜炎肺炎用什么消炎药好,用什么消炎药对胸膜炎肺炎好,1
胸膜炎,胸膜炎肺炎用什么消炎药好,治疗胸膜炎肺炎有什么效果好的消炎药,1
胸膜炎,胸膜炎肺炎用什么消炎药好,治疗胸膜炎肺炎的办法有什么,0
胸膜炎,胸膜炎肺炎用什么消炎药好,胸膜炎肺炎吃什么药,0
胸膜炎,胸膜炎肺炎用什么消炎药好,胸膜炎肺炎好治疗吗,0
胸膜炎,胸膜炎的药会影响生育吗,吃了结核性胸膜炎的药影响生育吗？,1
胸膜炎,胸膜炎的药会影响生育吗,胸膜炎的药对怀孕有什么影响吗,1
胸膜炎,胸膜炎的药会影响生育吗,胸膜炎的药有副作用吗,0
胸膜炎,胸膜炎的药会影响生育吗,治疗胸膜炎的药有副作用吗,0
胸膜炎,胸膜炎的药会影响生育吗,一般治疗胸膜炎的药哪个效果好,0
胸膜炎,如何检查出开放性结核胸膜炎,怎样才能检查出开放性结核胸膜炎,1
胸膜炎,如何检查出开放性结核胸膜炎,开放性结核胸膜炎怎么检查,1
胸膜炎,如何检查出开放性结核胸膜炎,什么是开放性结核胸膜炎,0
胸膜炎,如何检查出开放性结核胸膜炎,开放性结核胸膜炎会不会癌变,0
胸膜炎,如何检查出开放性结核胸膜炎,开放性结核胸膜炎传染吗,0
胸膜炎,结核胸膜炎什么情况下会发热,什么情况下结核胸膜炎会发热,1
胸膜炎,结核胸膜炎什么情况下会发热,结核胸膜炎在哪种情况下会发热,1
胸膜炎,结核胸膜炎什么情况下会发热,发热多少度可以吃退烧药,0
胸膜炎,结核胸膜炎什么情况下会发热,结核胸膜炎发热有什么特点,0
胸膜炎,结核胸膜炎什么情况下会发热,治愈后结核胸膜炎患者发热是不是复发,0
胸膜炎,得过胸膜炎胸片能看出来吗,得过胸膜炎胸片能不能看出来,1
胸膜炎,得过胸膜炎胸片能看出来吗,胸片能看出来得过胸膜炎吗,1
胸膜炎,得过胸膜炎胸片能看出来吗,得过胸膜炎影响生育吗,0
胸膜炎,得过胸膜炎胸片能看出来吗,拍胸片和做CT有什么区别吗,0
胸膜炎,得过胸膜炎胸片能看出来吗,得过胸膜炎会得其他病吗？,0
胸膜炎,胸膜炎治不好是怎么回事,胸膜炎治不好是什么原因,1
胸膜炎,胸膜炎治不好是怎么回事,胸膜炎一直治不好是咋回事,1
胸膜炎,胸膜炎治不好是怎么回事,胸膜炎治好有没有后遗症,0
胸膜炎,胸膜炎治不好是怎么回事,胸膜炎治不好会不会癌变,0
胸膜炎,胸膜炎治不好是怎么回事,胸膜炎治不好该怎么办,0
胸膜炎,胸膜炎患者是怎么抗病的,胸膜炎患者抗病的变现有哪些,1
胸膜炎,胸膜炎患者是怎么抗病的,胸膜炎患者抗病的方法都有什么,1
胸膜炎,胸膜炎患者是怎么抗病的,胸膜炎患者不能吃什么,0
胸膜炎,胸膜炎患者是怎么抗病的,得了胸膜炎该如何治疗,0
胸膜炎,胸膜炎患者是怎么抗病的,胸膜炎患者应该保持什么心情,0
胸膜炎,什么样的人容易得胸膜炎,哪种人容易得胸膜炎,1
胸膜炎,什么样的人容易得胸膜炎,容易得胸膜炎的是什么人群,1
胸膜炎,什么样的人容易得胸膜炎,容易得胸膜炎该怎么预防,0
胸膜炎,什么样的人容易得胸膜炎,预防胸膜炎的小妙招是什么,0
胸膜炎,什么样的人容易得胸膜炎,孕妇得了胸膜炎怎么治疗,0
胸膜炎,治疗胸膜炎时胸水多了怎么回事？,为什么治疗胸膜炎时胸水变多了,1
胸膜炎,治疗胸膜炎时胸水多了怎么回事？,治疗胸膜炎时胸水多了是什么原因,1
胸膜炎,治疗胸膜炎时胸水多了怎么回事？,治疗胸膜炎有什么办法,0
胸膜炎,治疗胸膜炎时胸水多了怎么回事？,治疗胸膜炎时胸水多了排不出来咋办,0
胸膜炎,治疗胸膜炎时胸水多了怎么回事？,治疗胸膜炎时胸水多了需要注意什么,0
胸膜炎,治疗好的胸膜炎病人长寿吗?,治疗好的胸膜炎病人可以长寿吗,1
胸膜炎,治疗好的胸膜炎病人长寿吗?,治疗好的胸膜炎病人长寿的机率大吗,1
胸膜炎,治疗好的胸膜炎病人长寿吗?,治疗好的胸膜炎病人留后遗症吗,0
胸膜炎,治疗好的胸膜炎病人长寿吗?,治疗好的胸膜炎病人会复发吗,0
胸膜炎,治疗好的胸膜炎病人长寿吗?,长寿有什么秘诀吗,0
胸膜炎,胸膜炎与戒白粉有关系吗,胸膜炎与戒白粉有什么关系,1
胸膜炎,胸膜炎与戒白粉有关系吗,胸膜炎与戒白粉关系大吗,1
胸膜炎,胸膜炎与戒白粉有关系吗,什么是戒白粉,0
胸膜炎,胸膜炎与戒白粉有关系吗,戒白粉有什么办法,0
胸膜炎,胸膜炎与戒白粉有关系吗,胸膜炎患者自愈后还会出现胸闷吗,0
胸膜炎,胸膜炎抽水后十年会复发吗？,胸膜炎抽水后十年会引起复发吗？,1
胸膜炎,胸膜炎抽水后十年会复发吗？,胸膜炎抽水后十年复发的可能性大吗,1
胸膜炎,胸膜炎抽水后十年会复发吗？,胸膜炎抽水后如何运动,0
胸膜炎,胸膜炎抽水后十年会复发吗？,胸膜炎抽水后能洗澡吗,0
胸膜炎,胸膜炎抽水后十年会复发吗？,胸膜炎是怎么抽水的,0
胸膜炎,胸膜炎半年后每天喝点红酒行吗,胸膜炎半年后每天喝点红酒可以吗,1
胸膜炎,胸膜炎半年后每天喝点红酒行吗,胸膜炎半年后能不能每天喝点红酒,1
胸膜炎,胸膜炎半年后每天喝点红酒行吗,喝红酒行对身体有什么危害吗,0
胸膜炎,胸膜炎半年后每天喝点红酒行吗,胸膜炎半年后需要复查吗,0
胸膜炎,胸膜炎半年后每天喝点红酒行吗,胸膜炎半年能要孩子吗,0
胸膜炎,细菌胸膜炎吃什么消炎药,细菌胸膜炎能吃什么消炎药,1
胸膜炎,细菌胸膜炎吃什么消炎药,细菌胸膜炎应该吃什么消炎药效果好,1
胸膜炎,细菌胸膜炎吃什么消炎药,细菌胸膜炎会不会传染,0
胸膜炎,细菌胸膜炎吃什么消炎药,得了细菌胸膜炎好治吗,0
胸膜炎,细菌胸膜炎吃什么消炎药,为什么会得细菌胸膜炎,0
胸膜炎,淋巴颗粒能造成胸膜炎吗,淋巴颗粒对胸膜炎有什么影响吗,1
胸膜炎,淋巴颗粒能造成胸膜炎吗,淋巴颗粒会不会引发胸膜炎,1
胸膜炎,淋巴颗粒能造成胸膜炎吗,急性淋巴颗粒该怎么用药,0
胸膜炎,淋巴颗粒能造成胸膜炎吗,胸膜炎是什么引起的,0
胸膜炎,淋巴颗粒能造成胸膜炎吗,淋巴颗粒的危害有哪些,0
胸膜炎,结核胸膜炎x光会显示吗,结核胸膜炎x光能看出来么,1
胸膜炎,结核胸膜炎x光会显示吗,结核胸膜炎拍x光有用吗,1
胸膜炎,结核胸膜炎x光会显示吗,什么情况下需要拍x光,0
胸膜炎,结核胸膜炎x光会显示吗,结核胸膜炎是咳嗽引起的吗,0
胸膜炎,结核胸膜炎x光会显示吗,结核胸膜炎自愈后会不会复发,0
胸膜炎,肺炎胸膜炎会引起室早吗？,肺炎胸膜炎能不能引起室早,1
胸膜炎,肺炎胸膜炎会引起室早吗？,肺炎胸膜炎引起室早的可能性大吗,1
胸膜炎,肺炎胸膜炎会引起室早吗？,肺炎胸膜炎不治疗会怎么办,0
胸膜炎,肺炎胸膜炎会引起室早吗？,肺炎胸膜炎有什么症状,0
胸膜炎,肺炎胸膜炎会引起室早吗？,肺炎胸膜炎什么样人群容易得,0
胸膜炎,初治結核性胸膜炎用什么药,初治結核性胸膜炎用什么药效果好,1
胸膜炎,初治結核性胸膜炎用什么药,初治結核性胸膜炎应该用什么药啊,1
胸膜炎,初治結核性胸膜炎用什么药,初治結核性胸膜炎好治吗,0
胸膜炎,初治結核性胸膜炎用什么药,初治結核性胸膜炎都有什么症状,0
胸膜炎,初治結核性胸膜炎用什么药,初治結核性胸膜炎需要拍片吗,0
胸膜炎,胸膜炎康复后胸痛怎么办,胸膜炎康复后胸痛如何是好,1
胸膜炎,胸膜炎康复后胸痛怎么办,胸膜炎康复后胸还痛怎么办,1
胸膜炎,胸膜炎康复后胸痛怎么办,胸膜炎康复后不能吃什么,0
胸膜炎,胸膜炎康复后胸痛怎么办,胸膜炎康复后会不会复发,0
胸膜炎,胸膜炎康复后胸痛怎么办,胸膜炎康复后跟没生病前一样吗,0
胸膜炎,胸膜炎康复后能喝啤酒吗,胸膜炎康复后能不能喝啤酒,1
胸膜炎,胸膜炎康复后能喝啤酒吗,胸膜炎康复后喝啤酒可以吗,1
胸膜炎,胸膜炎康复后能喝啤酒吗,肺炎喝啤酒有什么危害,0
胸膜炎,胸膜炎康复后能喝啤酒吗,胸膜炎康复后胸痛怎么办,0
胸膜炎,胸膜炎康复后能喝啤酒吗,胸膜炎康复后还会复发吗,0
胸膜炎,"胸膜炎积水,需要抽水怎么抽","胸膜炎积水,需要怎么抽水",1
胸膜炎,"胸膜炎积水,需要抽水怎么抽","胸膜炎积水,应该怎么抽水",1
胸膜炎,"胸膜炎积水,需要抽水怎么抽","胸膜炎积水,排不出水怎么办",0
胸膜炎,"胸膜炎积水,需要抽水怎么抽",胸膜炎积水是什么引起的,0
胸膜炎,"胸膜炎积水,需要抽水怎么抽",胸膜炎积水如何治疗,0
胸膜炎,胸膜炎会引起喉咙干，痒，痛吗？,胸膜炎可能导致喉咙干痒痛的情况吗？,1
胸膜炎,胸膜炎会引起喉咙干，痒，痛吗？,得了胸膜炎，会不会引发嗓子不舒服，比如喉咙干痒痛？,1
胸膜炎,胸膜炎会引起喉咙干，痒，痛吗？,胸膜炎会引起什么后遗症,0
胸膜炎,胸膜炎会引起喉咙干，痒，痛吗？,喉咙干，氧，痛该吃什么药,0
胸膜炎,胸膜炎会引起喉咙干，痒，痛吗？,喉咙干，氧，痛吃西瓜霜管用吗,0
胸膜炎,胸膜炎恢复期间为什么总是前胸痛,胸膜炎恢复期间总是前胸痛为什么,1
胸膜炎,胸膜炎恢复期间为什么总是前胸痛,为什么胸膜炎恢复期间总是前胸痛,1
胸膜炎,胸膜炎恢复期间为什么总是前胸痛,胸膜炎恢复期间用补营养品吗,0
胸膜炎,胸膜炎恢复期间为什么总是前胸痛,前胸痛是什么引起的,0
胸膜炎,胸膜炎恢复期间为什么总是前胸痛,胸膜炎恢复期间能运动吗,0
胸膜炎,长期久坐会得胸膜炎吗？,长期久坐可能得胸膜炎吗？,1
胸膜炎,长期久坐会得胸膜炎吗？,长期久坐得胸膜炎的可能性大吗,1
胸膜炎,长期久坐会得胸膜炎吗？,长期久坐有什么危害,0
胸膜炎,长期久坐会得胸膜炎吗？,长期久坐对走路有影响吗,0
胸膜炎,长期久坐会得胸膜炎吗？,长期久坐会得颈椎病吗,0
胸膜炎,右侧胸膜炎为什么左胸偶尔疼痛,右侧胸膜炎左胸偶尔疼痛为什么,1
胸膜炎,右侧胸膜炎为什么左胸偶尔疼痛,右侧胸膜炎为啥左胸偶尔疼痛,1
胸膜炎,右侧胸膜炎为什么左胸偶尔疼痛,右侧胸膜炎需不需要拍片,0
胸膜炎,右侧胸膜炎为什么左胸偶尔疼痛,左胸偶尔疼痛是得了心脏病吗,0
胸膜炎,右侧胸膜炎为什么左胸偶尔疼痛,左胸偶尔疼痛什么引起的,0
胸膜炎,胸膜炎治好后胸痛是复发了吗,胸膜炎治好后胸痛是复发的症状吗,1
胸膜炎,胸膜炎治好后胸痛是复发了吗,胸痛是不是胸膜炎又复发了吗,1
胸膜炎,胸膜炎治好后胸痛是复发了吗,胸膜炎治好后能剧烈运动吗,0
胸膜炎,胸膜炎治好后胸痛是复发了吗,胸痛是咋回事,0
胸膜炎,胸膜炎治好后胸痛是复发了吗,胸痛需要看医生吗,0
胸膜炎,胸膜炎能在幼儿园上班吗,胸膜炎能在幼儿园工作可以吗,1
胸膜炎,胸膜炎能在幼儿园上班吗,胸膜炎可以在幼儿园上班吗,1
胸膜炎,胸膜炎能在幼儿园上班吗,胸膜炎能去公共场所吗,0
胸膜炎,胸膜炎能在幼儿园上班吗,胸膜炎能在家保守治疗吗,0
胸膜炎,胸膜炎能在幼儿园上班吗,胸膜炎患者不能去什么地方,0
胸膜炎,男朋友咬破胸部会得胸膜炎吗,男朋友咬破胸部得胸膜炎的可能性大吗,1
胸膜炎,男朋友咬破胸部会得胸膜炎吗,男朋友咬破胸部可能得胸膜炎吗,1
胸膜炎,男朋友咬破胸部会得胸膜炎吗,男朋友咬破胸部怎么样清理,0
胸膜炎,男朋友咬破胸部会得胸膜炎吗,男朋友咬破胸部不处理会感冒吗,0
胸膜炎,男朋友咬破胸部会得胸膜炎吗,男朋友咬破胸部会有其他并发症吗,0
胸膜炎,豆腐炖黄豆芽对胸膜炎有好处吗,豆腐炖黄豆芽对胸膜炎有什么益处吗,1
胸膜炎,豆腐炖黄豆芽对胸膜炎有好处吗,胸膜炎吃豆腐炖黄豆芽有好处吗,1
胸膜炎,豆腐炖黄豆芽对胸膜炎有好处吗,豆腐炖黄豆芽对身体补充什么,0
胸膜炎,豆腐炖黄豆芽对胸膜炎有好处吗,食补豆腐炖黄豆芽能治什么病,0
胸膜炎,豆腐炖黄豆芽对胸膜炎有好处吗,胸膜炎自愈后需要定期检查吗,0
胸膜炎,胸膜炎与穿内衣的松紧有关吗,胸膜炎与穿内衣的松紧有没有关系,1
胸膜炎,胸膜炎与穿内衣的松紧有关吗,胸膜炎与穿内衣的松紧关系大吗,1
胸膜炎,胸膜炎与穿内衣的松紧有关吗,胸膜炎好了能喝酒吗,0
胸膜炎,胸膜炎与穿内衣的松紧有关吗,胸膜炎患者穿内衣用特别料子吗,0
胸膜炎,胸膜炎与穿内衣的松紧有关吗,得了胸膜炎应该及时治疗吗,0
胸膜炎,胸膜炎会引起输卵管堵塞吗,胸膜炎有可能引起输卵管堵塞吗,1
胸膜炎,胸膜炎会引起输卵管堵塞吗,胸膜炎有没有可能会导致输卵管堵塞,1
胸膜炎,胸膜炎会引起输卵管堵塞吗,输卵管堵塞会怀孕吗,0
胸膜炎,胸膜炎会引起输卵管堵塞吗,引起输卵管堵塞的跟平时吃东西有没有关系,0
胸膜炎,胸膜炎会引起输卵管堵塞吗,输卵管堵塞该怎么治疗,0
胸膜炎,胸膜炎吃什么可以消除积水,吃什么可以消除胸膜炎积水,1
胸膜炎,胸膜炎吃什么可以消除积水,胸膜炎吃什么消除积水效果好,1
胸膜炎,胸膜炎吃什么可以消除积水,胸膜炎胸痛吃什么可以减轻,0
胸膜炎,胸膜炎吃什么可以消除积水,可以快速消除积水的办法有什么,0
胸膜炎,胸膜炎吃什么可以消除积水,胸膜炎能喝红酒吗,0
胸膜炎,慢性胸膜炎做ct能看出来来吗,慢性胸膜炎做ct可以看出来吗,1
胸膜炎,慢性胸膜炎做ct能看出来来吗,慢性胸膜炎做ct能不能看出来,1
胸膜炎,慢性胸膜炎做ct能看出来来吗,慢性胸膜炎主要检查什么指标,0
胸膜炎,慢性胸膜炎做ct能看出来来吗,慢性胸膜炎传染吗,0
胸膜炎,慢性胸膜炎做ct能看出来来吗,慢性胸膜炎用住院吗,0
胸膜炎,结核胸膜炎能同时喝补血的吗,结核胸膜炎能同时喝补血的可以吗,1
胸膜炎,结核胸膜炎能同时喝补血的吗,得了结核胸膜炎能喝补血的东西吗,1
胸膜炎,结核胸膜炎能同时喝补血的吗,结核胸膜炎患者用隔离吗,0
胸膜炎,结核胸膜炎能同时喝补血的吗,结核胸膜炎咳嗽一直不好咋回事,0
胸膜炎,结核胸膜炎能同时喝补血的吗,结核胸膜炎不能干什么,0
胸膜炎,刚断了胸膜炎的药还会得肾结核吗,刚断了胸膜炎的药得肾结核的可能性大吗,1
胸膜炎,刚断了胸膜炎的药还会得肾结核吗,刚断了胸膜炎的药有可能得肾结核吗,1
胸膜炎,刚断了胸膜炎的药还会得肾结核吗,刚断了胸膜炎的药会不会胸痛,0
胸膜炎,刚断了胸膜炎的药还会得肾结核吗,刚断了胸膜炎的药应该注意什么,0
胸膜炎,刚断了胸膜炎的药还会得肾结核吗,刚断了胸膜炎的药能喝酒吗,0
胸膜炎,肺炎引起的胸膜炎该怎么办,肺炎引起的胸膜炎如何是好,1
胸膜炎,肺炎引起的胸膜炎该怎么办,肺炎导致的胸膜炎应该怎么治疗,1
胸膜炎,肺炎引起的胸膜炎该怎么办,肺炎都有什么明显症状,0
胸膜炎,肺炎引起的胸膜炎该怎么办,肺炎会引起其他病吗,0
胸膜炎,肺炎引起的胸膜炎该怎么办,肺炎应该如何去预防,0
胸膜炎,有胸膜炎的心电图正常吗？,有胸膜炎的心电图正常不正常,1
胸膜炎,有胸膜炎的心电图正常吗？,有胸膜炎的检查心电图正常吗？,1
胸膜炎,有胸膜炎的心电图正常吗？,心电图主要检查什么,0
胸膜炎,有胸膜炎的心电图正常吗？,心电图应该怎么看,0
胸膜炎,有胸膜炎的心电图正常吗？,得了什么病需要做心电图,0
胸膜炎,胸膜炎做胸腔镜手术后怎么护理,胸膜炎做胸腔镜手术后应该怎么照顾,1
胸膜炎,胸膜炎做胸腔镜手术后怎么护理,做了胸膜炎胸腔镜手术后该怎么护理,1
胸膜炎,胸膜炎做胸腔镜手术后怎么护理,胸膜炎手术后会不会复发,0
胸膜炎,胸膜炎做胸腔镜手术后怎么护理,胸膜炎做胸腔镜手术前做什么检查,0
胸膜炎,胸膜炎做胸腔镜手术后怎么护理,轻微胸膜炎需要做手术吗,0
胸膜炎,胸膜炎会引起脑袋胀痛吗,胸膜炎有可能引起脑袋胀痛吗,1
胸膜炎,胸膜炎会引起脑袋胀痛吗,引起脑袋胀痛会是胸膜炎吗,1
胸膜炎,胸膜炎会引起脑袋胀痛吗,胸口疼肚子胀是不是胸膜炎,0
胸膜炎,胸膜炎会引起脑袋胀痛吗,脑袋胀痛会发烧吗,0
胸膜炎,胸膜炎会引起脑袋胀痛吗,脑袋胀痛做ct有必要吗,0
胸膜炎,胸膜炎患者康复后可多喝苦菜泡茶吗,胸膜炎患者康复后能不能多喝苦菜泡茶吗,1
胸膜炎,胸膜炎患者康复后可多喝苦菜泡茶吗,胸膜炎患者康复后多喝苦菜泡茶可以吗,1
胸膜炎,胸膜炎患者康复后可多喝苦菜泡茶吗,胸膜炎患者康复后做剧烈运动可以吗,0
胸膜炎,胸膜炎患者康复后可多喝苦菜泡茶吗,苦菜泡茶能治病吗,0
胸膜炎,胸膜炎患者康复后可多喝苦菜泡茶吗,多喝苦菜泡茶能预防疾病吗,0
胸膜炎,剧烈运动后喝水为什么会得胸膜炎,剧烈运动后喝水会得胸膜炎为什么,1
胸膜炎,剧烈运动后喝水为什么会得胸膜炎,为什么剧烈运动后喝水会得胸膜炎,1
胸膜炎,剧烈运动后喝水为什么会得胸膜炎,剧烈运动需要注意怎么,0
胸膜炎,剧烈运动后喝水为什么会得胸膜炎,剧烈运动后大量喝水健康吗,0
胸膜炎,剧烈运动后喝水为什么会得胸膜炎,剧烈运动后能不能马上喝水,0
胸膜炎,结合性胸膜炎需要注射利福平吗,结合性胸膜炎能不能注射利福平,1
胸膜炎,结合性胸膜炎需要注射利福平吗,结合性胸膜炎注射利福平有必要吗,1
胸膜炎,结合性胸膜炎需要注射利福平吗,注射利福平用于什么病症,0
胸膜炎,结合性胸膜炎需要注射利福平吗,结合性胸膜炎大概需要多久治好,0
胸膜炎,结合性胸膜炎需要注射利福平吗,结合性胸膜炎需要做手术吗,0
胸膜炎,肺炎引起的胸膜炎疼痛怎么止住?,肺炎引起的胸膜炎疼痛应该如何止疼,1
胸膜炎,肺炎引起的胸膜炎疼痛怎么止住?,肺炎导致的胸膜炎疼痛该怎么止痛,1
胸膜炎,肺炎引起的胸膜炎疼痛怎么止住?,胸膜炎疼痛症状明显吗,0
胸膜炎,肺炎引起的胸膜炎疼痛怎么止住?,胸膜炎疼痛主要哪里疼,0
胸膜炎,肺炎引起的胸膜炎疼痛怎么止住?,得了肺炎吃哪种消炎药效果好,0
胸膜炎,得过胸膜炎公考报名用填写吗,得过胸膜炎公考报名需要填写吗,1
胸膜炎,得过胸膜炎公考报名用填写吗,公考报名用不用填写得过胸膜炎,1
胸膜炎,得过胸膜炎公考报名用填写吗,得过胸膜炎可以做什么运动,0
胸膜炎,得过胸膜炎公考报名用填写吗,得过胸膜炎还能正常工作吗,0
胸膜炎,得过胸膜炎公考报名用填写吗,得过胸膜炎干重活有影响吗,0
胸膜炎,胸膜炎治愈后可以怀孕吗,胸膜炎治愈后能不能正常怀孕,1
胸膜炎,胸膜炎治愈后可以怀孕吗,胸膜炎治愈后能怀孩子吗,1
胸膜炎,胸膜炎治愈后可以怀孕吗,怀孕不能吃什么药,0
胸膜炎,胸膜炎治愈后可以怀孕吗,胸膜炎治愈后能喝家人一起吃吗,0
胸膜炎,胸膜炎治愈后可以怀孕吗,胸膜炎治愈后复发的可能性大吗,0
胸膜炎,胸膜炎治愈后还会复发吗,胸膜炎治愈后有可能复发吗,1
胸膜炎,胸膜炎治愈后还会复发吗,胸膜炎治愈后复发的可能性大吗,1
胸膜炎,胸膜炎治愈后还会复发吗,胸膜炎治愈后影响正常上班吗,0
胸膜炎,胸膜炎治愈后还会复发吗,胸膜炎治愈后肺部会不会留下结节,0
胸膜炎,胸膜炎治愈后还会复发吗,胸膜炎治愈后要孩子有影响吗,0
胸膜炎,胸膜炎是怎么引起的怕生气吗,胸膜炎和经常生气有什么关系吗,1
胸膜炎,胸膜炎是怎么引起的怕生气吗,胸膜炎是怎么引起的，跟生气有关系吗,1
胸膜炎,胸膜炎是怎么引起的怕生气吗,胸膜炎是怎么引起咳嗽的,0
胸膜炎,胸膜炎是怎么引起的怕生气吗,胸膜炎是怎么引起肺炎的,0
胸膜炎,胸膜炎是怎么引起的怕生气吗,胸膜炎能引起发烧四肢乏力吗,0
胸膜炎,胸膜炎的恶性是什么后果,胸膜炎的恶性结果是什么,1
胸膜炎,胸膜炎的恶性是什么后果,什么是胸膜炎的恶性后果,1
胸膜炎,胸膜炎的恶性是什么后果,胸膜炎能治好吗,0
胸膜炎,胸膜炎的恶性是什么后果,胸膜炎患者饮食吃什么好,0
胸膜炎,胸膜炎的恶性是什么后果,导致恶性肺炎的原因是什么,0
胸膜炎,外伤会导致胸膜炎吗,外伤有可能导致胸膜炎吗,1
胸膜炎,外伤会导致胸膜炎吗,受了外伤能不能引发胸膜炎,1
胸膜炎,外伤会导致胸膜炎吗,外伤怎么处理妥当,0
胸膜炎,外伤会导致胸膜炎吗,外伤疼起来怎么缓解疼痛,0
胸膜炎,外伤会导致胸膜炎吗,外伤会感染其他病吗,0
胸膜炎,没有得过胸膜炎怎么会胸膜增厚,没有得过胸膜炎为什么会胸膜增厚,1
胸膜炎,没有得过胸膜炎怎么会胸膜增厚,没有得过胸膜炎胸膜增厚怎么回事,1
胸膜炎,没有得过胸膜炎怎么会胸膜增厚,没有得过胸膜炎，该如何预防,0
胸膜炎,没有得过胸膜炎怎么会胸膜增厚,得了什么病能引起胸膜增厚,0
胸膜炎,没有得过胸膜炎怎么会胸膜增厚,胸膜增厚不治疗会更厚吗,0
胸膜炎,不发烧咳嗽会得胸膜炎吗,不发烧咳嗽有可能得胸膜炎吗,1
胸膜炎,不发烧咳嗽会得胸膜炎吗,不发烧咳嗽得胸膜炎可能性大吗,1
胸膜炎,不发烧咳嗽会得胸膜炎吗,胸膜炎除了胸痛胸闷还有什么症状,0
胸膜炎,不发烧咳嗽会得胸膜炎吗,胸膜炎有什么特效药吗,0
胸膜炎,不发烧咳嗽会得胸膜炎吗,胸膜炎胸痛怎么缓解,0
胸膜炎,右胸拉伤感染会引起胸膜炎吗,右胸拉伤感染有可能引起胸膜炎吗,1
胸膜炎,右胸拉伤感染会引起胸膜炎吗,右胸拉伤感染引起胸膜炎的可能性大吗,1
胸膜炎,右胸拉伤感染会引起胸膜炎吗,右胸拉伤多久可以好,0
胸膜炎,右胸拉伤感染会引起胸膜炎吗,右胸拉伤呼吸疼痛是什么病,0
胸膜炎,右胸拉伤感染会引起胸膜炎吗,右胸拉伤感染会严重吗,0
胸膜炎,炎症引起的胸膜炎对胎儿影响大吗,炎症引起的胸膜炎对胎儿影响大不大？,1
胸膜炎,炎症引起的胸膜炎对胎儿影响大吗,炎症引起的胸膜炎对胎儿的影响会大吗？,1
胸膜炎,炎症引起的胸膜炎对胎儿影响大吗,得胸膜炎得停多久才可以要宝宝？,0
胸膜炎,炎症引起的胸膜炎对胎儿影响大吗,有结合性胸膜炎和胆结石能打胎儿吗？,0
胸膜炎,炎症引起的胸膜炎对胎儿影响大吗,"得了胸膜炎,是什么引起的？",0
胸膜炎,胸膜炎疼和乳腺疼怎么区别,如何区别胸膜炎疼和乳腺疼？,1
胸膜炎,胸膜炎疼和乳腺疼怎么区别,胸膜炎疼和乳腺疼有什么区别？,1
胸膜炎,胸膜炎疼和乳腺疼怎么区别,乳腺增生是什么病症？,0
胸膜炎,胸膜炎疼和乳腺疼怎么区别,乳腺脓肿后引起胸膜炎淋巴结怎么治疗？,0
胸膜炎,胸膜炎疼和乳腺疼怎么区别,得了胸膜炎怎么办？,0
胸膜炎,胸膜炎人可以喝羊奶粉吗,胸膜炎患者能不能喝羊奶粉？,1
胸膜炎,胸膜炎人可以喝羊奶粉吗,胸膜炎病人适宜喝羊奶粉吗？,1
胸膜炎,胸膜炎人可以喝羊奶粉吗,胸膜炎有什么征兆？,0
胸膜炎,胸膜炎人可以喝羊奶粉吗,胸膜炎严重吗，好治疗吗？,0
胸膜炎,胸膜炎人可以喝羊奶粉吗,请问胸膜炎是什么症状？,0
胸膜炎,胸膜炎能转变成胸腺瘤吗,胸膜炎会演变成胸腺瘤吗？,1
胸膜炎,胸膜炎能转变成胸腺瘤吗,胸膜炎会不会转变成胸腺瘤？,1
胸膜炎,胸膜炎能转变成胸腺瘤吗,胸腺瘤要开刀吗？,0
胸膜炎,胸膜炎能转变成胸腺瘤吗,胸腺瘤是怎么造成的？,0
胸膜炎,胸膜炎能转变成胸腺瘤吗,胸腺瘤和胸膜炎有什么区别？,0
胸膜炎,为什么后背左边酸以前有过胸膜炎,后背左边酸是什么原因以前有过胸膜炎？,1
胸膜炎,为什么后背左边酸以前有过胸膜炎,以前有过胸膜炎现在后背左边酸是怎么了？,1
胸膜炎,为什么后背左边酸以前有过胸膜炎,胸膜炎治好有后遗症吗？,0
胸膜炎,为什么后背左边酸以前有过胸膜炎,胸膜炎有什么征兆？,0
胸膜炎,为什么后背左边酸以前有过胸膜炎,胸膜炎有哪些症状？,0
胸膜炎,胸膜炎在复查阶段咳嗽请问是什么毛病,胸膜炎在复查阶段咳嗽这是什么疾病？,1
胸膜炎,胸膜炎在复查阶段咳嗽请问是什么毛病,胸膜炎在复查阶段咳嗽是哪种病？,1
胸膜炎,胸膜炎在复查阶段咳嗽请问是什么毛病,胸膜炎在复查阶段咳嗽严重吗？,0
胸膜炎,胸膜炎在复查阶段咳嗽请问是什么毛病,胸膜炎在复查阶段咳嗽是怎么回事？,0
胸膜炎,胸膜炎在复查阶段咳嗽请问是什么毛病,胸膜炎在复查阶段咳嗽有什么征兆？,0
胸膜炎,胸膜炎在复查阶段咳嗽请问是什么毛病,胸膜炎在复查阶段咳嗽是患了什么毛病？,1
胸膜炎,胸膜炎在复查阶段咳嗽请问是什么毛病,胸膜炎在复查阶段咳嗽是得了哪种疾病？,1
胸膜炎,胸膜炎在复查阶段咳嗽请问是什么毛病,胸膜炎在复查阶段咳嗽有什么征兆？,0
胸膜炎,胸膜炎在复查阶段咳嗽请问是什么毛病,胸膜炎有哪些症状？,0
胸膜炎,胸膜炎在复查阶段咳嗽请问是什么毛病,治疗胸膜炎的方法有哪些？,0
胸膜炎,吃东西左胸口疼有什么好的办法能够根治吗,左胸口隐隐作痛有哪些好办法可以根治吗？,1
胸膜炎,吃东西左胸口疼有什么好的办法能够根治吗,治疗吃东西左胸口疼的好办法是什么呢能否根治？,1
胸膜炎,吃东西左胸口疼有什么好的办法能够根治吗,左下胸口隐隐作痛是什么原因？,0
胸膜炎,吃东西左胸口疼有什么好的办法能够根治吗,熬夜左胸口隐隐作痛怎么回事？,0
胸膜炎,吃东西左胸口疼有什么好的办法能够根治吗,吃东西左胸口疼是什么疾病？,0
胸膜炎,吃东西左胸口疼有什么好的办法能够根治吗,吃东西左胸口疼是否有好办法能彻底根治吗？,1
胸膜炎,吃东西左胸口疼有什么好的办法能够根治吗,吃东西左胸口疼有哪些好的办法能否根治？,1
胸膜炎,吃东西左胸口疼有什么好的办法能够根治吗,吃东西左胸口疼是什么疾病？,0
胸膜炎,吃东西左胸口疼有什么好的办法能够根治吗,吃东西左胸口疼能吃什么药缓解？,0
胸膜炎,吃东西左胸口疼有什么好的办法能够根治吗,吃东西左胸口疼是为什么？,0
胸膜炎,结核性渗出性胸膜炎是什么病,什么是结核性渗出性胸膜炎？,1
胸膜炎,结核性渗出性胸膜炎是什么病,结核性渗出性胸膜炎是怎么定义的？,1
胸膜炎,结核性渗出性胸膜炎是什么病,结核性渗出性胸膜炎有哪些症状？,0
胸膜炎,结核性渗出性胸膜炎是什么病,结核性渗出性胸膜炎有什么治疗方法？,0
胸膜炎,结核性渗出性胸膜炎是什么病,结核性渗出性胸膜炎的病因是什么？,0
胸膜炎,胸口闷感觉呼吸不到氧气时间有两年了，是怎么了,胸口闷感觉呼吸不到氧气时间有两年了，是为什么？,1
胸膜炎,胸口闷感觉呼吸不到氧气时间有两年了，是怎么了,胸口闷感觉呼吸不到氧气时间有两年了，这是什么情况？,1
胸膜炎,胸口闷感觉呼吸不到氧气时间有两年了，是怎么了,胸口闷感觉呼吸不到氧气是什么病的症状？,0
胸膜炎,胸口闷感觉呼吸不到氧气时间有两年了，是怎么了,胸口闷感觉呼吸不到氧气要去医院吗？,0
胸膜炎,胸口闷感觉呼吸不到氧气时间有两年了，是怎么了,胸口闷感觉呼吸不到氧气能吃什么药？,0
胸膜炎,您好我总是反复的胸口疼然后就后面左边疼是怎么了,反复的胸口疼然后就后面左边疼是什么情况？,1
胸膜炎,您好我总是反复的胸口疼然后就后面左边疼是怎么了,反复的胸口疼然后就后面左边疼是怎么回事？,1
胸膜炎,您好我总是反复的胸口疼然后就后面左边疼是怎么了,胸膜炎有哪些症状？,0
胸膜炎,您好我总是反复的胸口疼然后就后面左边疼是怎么了,反复的胸口疼然后就后面左边疼是胸膜炎犯了吗？,0
胸膜炎,您好我总是反复的胸口疼然后就后面左边疼是怎么了,胸膜炎有哪些治疗方法？,0
胸膜炎,请问头孢氨苄甲氧苄啶片可以胸膜炎吗,请问头孢氨苄甲氧苄啶片能治疗胸膜炎吗？,1
胸膜炎,请问头孢氨苄甲氧苄啶片可以胸膜炎吗,请问头孢氨苄甲氧苄啶片可否医治胸膜炎？,1
胸膜炎,请问头孢氨苄甲氧苄啶片可以胸膜炎吗,请问头孢氨苄甲氧苄啶片有哪些副作用？,0
胸膜炎,请问头孢氨苄甲氧苄啶片可以胸膜炎吗,请问头孢氨苄甲氧苄啶片治疗胸膜炎有哪些要注意？,0
胸膜炎,请问头孢氨苄甲氧苄啶片可以胸膜炎吗,请问头孢氨苄甲氧苄啶片有什么适应症？,0
胸膜炎,胸膜炎服用什么药物好呢多久可以康复呢,胸膜炎吃什么药效果好？需要多长时间能康复？,1
胸膜炎,胸膜炎服用什么药物好呢多久可以康复呢,胸膜炎吃什么药效果好？要多就病可以康复？,1
胸膜炎,胸膜炎服用什么药物好呢多久可以康复呢,胸膜炎怎么治疗好的快？,0
胸膜炎,胸膜炎服用什么药物好呢多久可以康复呢,胸膜炎做纤支镜好的快吗？,0
胸膜炎,胸膜炎服用什么药物好呢多久可以康复呢,胸膜炎心跳会快吗？,0
胸膜炎,患了胸膜炎正在吃药治疗能喝酒吗,患了胸膜炎服药期间能否喝酒？,1
胸膜炎,患了胸膜炎正在吃药治疗能喝酒吗,患了胸膜炎正在吃药治疗期间可以喝酒吗？,1
胸膜炎,患了胸膜炎正在吃药治疗能喝酒吗,胸膜炎病人有什么需要注意的事项？,0
胸膜炎,患了胸膜炎正在吃药治疗能喝酒吗,请问胸膜炎有哪些症状？,0
胸膜炎,患了胸膜炎正在吃药治疗能喝酒吗,治疗胸膜炎有哪些方法？,0
胸膜炎,胸膜炎严重吗会有什么表现,胸膜炎是否严重会有什么症状表现？,1
胸膜炎,胸膜炎严重吗会有什么表现,胸膜炎严重吗症状有哪些？,1
胸膜炎,胸膜炎严重吗会有什么表现,胸膜炎病人有什么需要注意的事项？,0
胸膜炎,胸膜炎严重吗会有什么表现,什么是胸膜炎？,0
胸膜炎,胸膜炎严重吗会有什么表现,胸膜炎的病因是什么？,0
胸膜炎,胸膜炎复发的概率有多大复发了还能治吗,胸膜炎复发几率多大复发了是否能治？,1
胸膜炎,胸膜炎复发的概率有多大复发了还能治吗,胸膜炎复发的概率有多少若复发了能否再治？,1
胸膜炎,胸膜炎复发的概率有多大复发了还能治吗,胸膜炎不不复发该怎么办？,0
胸膜炎,胸膜炎复发的概率有多大复发了还能治吗,胸膜炎不复发有什么症状？,0
胸膜炎,胸膜炎复发的概率有多大复发了还能治吗,胸膜炎能不能根治？,0
胸膜炎,头孢克肟颗粒孕妇（4个月）能用吗感冒,孕妇（4个月）感冒能用头孢克肟颗粒吗？,1
胸膜炎,头孢克肟颗粒孕妇（4个月）能用吗感冒,孕妇（4个月）感冒可否服用头孢克肟颗粒？,1
胸膜炎,头孢克肟颗粒孕妇（4个月）能用吗感冒,头孢克肟颗粒有哪些功效吗？,0
胸膜炎,头孢克肟颗粒孕妇（4个月）能用吗感冒,孕妇感冒吃什么药好？,0
胸膜炎,头孢克肟颗粒孕妇（4个月）能用吗感冒,头孢克肟颗粒有没有副作用？,0
胸膜炎,胸膜炎复查是要照胸片吗,胸膜炎复查需要照胸片吗？,1
胸膜炎,胸膜炎复查是要照胸片吗,胸膜炎复查要不要照胸片？,1
胸膜炎,胸膜炎复查是要照胸片吗,胸片怎么判断胸膜炎？,0
胸膜炎,胸膜炎复查是要照胸片吗,请问胸膜炎是拍胸片能检查得出来吗？,0
胸膜炎,胸膜炎复查是要照胸片吗,肺结核复发拍胸片看得出来吗？,0
胸膜炎,之前患了胸膜炎现在好了还会不会复发,之前患了胸膜炎现在好了还会复发吗？,1
胸膜炎,之前患了胸膜炎现在好了还会不会复发,之前患了胸膜炎现在好了是否会复发？,1
胸膜炎,之前患了胸膜炎现在好了还会不会复发,胸膜炎能治愈吗？,0
胸膜炎,之前患了胸膜炎现在好了还会不会复发,胸膜炎复发的几率大不大？,0
胸膜炎,之前患了胸膜炎现在好了还会不会复发,胸膜炎有哪些症状？,0
胸膜炎,胸膜炎在复查阶段咳嗽总是不好怎么办,胸膜炎在复查阶段咳嗽总是不好该如何是好？,1
胸膜炎,胸膜炎在复查阶段咳嗽总是不好怎么办,胸膜炎在复查阶段咳嗽总是不好怎么做？,1
胸膜炎,胸膜炎在复查阶段咳嗽总是不好怎么办,胸膜炎在复查阶段咳嗽总是不好是为什么？,0
胸膜炎,胸膜炎在复查阶段咳嗽总是不好怎么办,胸膜炎需要治疗多久？,0
胸膜炎,胸膜炎在复查阶段咳嗽总是不好怎么办,胸膜炎有哪些症状？,0
胸膜炎,醋酸地塞米松可以治疗胸膜炎吗,醋酸地塞米松能否治疗胸膜炎？,1
胸膜炎,醋酸地塞米松可以治疗胸膜炎吗,醋酸地塞米松治疗胸膜炎可取吗？,1
胸膜炎,醋酸地塞米松可以治疗胸膜炎吗,醋酸地塞米松有什么适应症？,0
胸膜炎,醋酸地塞米松可以治疗胸膜炎吗,醋酸地塞米松有没有副作用？,0
胸膜炎,醋酸地塞米松可以治疗胸膜炎吗,醋酸地塞米松治疗胸膜炎效果如何？,0
胸膜炎,胸膜炎可以治疗嘛？,胸膜炎能治好吗？,1
胸膜炎,胸膜炎可以治疗嘛？,胸膜炎可否治愈？,1
胸膜炎,胸膜炎可以治疗嘛？,胸膜炎如何预防？,0
胸膜炎,胸膜炎可以治疗嘛？,胸膜炎有什么症状？,0
胸膜炎,胸膜炎可以治疗嘛？,胸膜炎患者适宜服用什么药？,0
胸膜炎,结核胸膜炎引发肠梗阻能彻底治愈吗？,结核胸膜炎引发肠梗阻能彻底根治吗？,1
胸膜炎,结核胸膜炎引发肠梗阻能彻底治愈吗？,结核胸膜炎造成的肠梗阻能彻底治好吗？,1
胸膜炎,结核胸膜炎引发肠梗阻能彻底治愈吗？,中医和西医到底哪个可以彻底治愈淋巴瘤？,0
胸膜炎,结核胸膜炎引发肠梗阻能彻底治愈吗？,牛皮癣可以彻底治好吗？,0
胸膜炎,结核胸膜炎引发肠梗阻能彻底治愈吗？,小分子微创可以彻底治愈强直性脊柱炎吗？,0
胸膜炎,结核胸膜炎引发肠梗阻可能是腹膜炎？,结核胸膜炎引发肠梗阻可能是腹膜炎该怎么办,1
胸膜炎,结核胸膜炎引发肠梗阻可能是腹膜炎？,结核胸膜炎引发肠梗阻可能是腹膜炎如何是好？,1
胸膜炎,结核胸膜炎引发肠梗阻可能是腹膜炎？,如何确诊结核性胸膜炎、腹膜炎？,0
胸膜炎,结核胸膜炎引发肠梗阻可能是腹膜炎？,结核胸膜炎如何治疗？,0
胸膜炎,结核胸膜炎引发肠梗阻可能是腹膜炎？,结核性渗出性胸膜炎能治痊愈吗？,0
胸膜炎,椒目葶苈汤可以治疗胸膜炎吗,结核性胸膜炎可以用椒目葶苈汤来治疗吗？,1
胸膜炎,椒目葶苈汤可以治疗胸膜炎吗,椒目葶苈汤能治疗胸膜炎吗？,1
胸膜炎,椒目葶苈汤可以治疗胸膜炎吗,胸膜炎的治疗费用贵吗？,0
胸膜炎,椒目葶苈汤可以治疗胸膜炎吗,怎样治疗胸膜炎？,0
胸膜炎,椒目葶苈汤可以治疗胸膜炎吗,胸膜炎可以运动吗？,0
胸膜炎,我现在得了胸膜炎该怎么办,得了胸膜炎该如何是好？,1
胸膜炎,我现在得了胸膜炎该怎么办,得了胸膜炎要怎么做？,1
胸膜炎,我现在得了胸膜炎该怎么办,得了胸膜炎会有什么病症？,0
胸膜炎,我现在得了胸膜炎该怎么办,得了胸膜炎会引发其他疾病吗？,0
胸膜炎,我现在得了胸膜炎该怎么办,胸膜炎的病因是什么？,0
胸膜炎,医生您好:请问您胸膜炎是由什么引起的？,胸膜炎的病因是什么？,1
胸膜炎,医生您好:请问您胸膜炎是由什么引起的？,胸膜炎是由什么造成的？,1
胸膜炎,医生您好:请问您胸膜炎是由什么引起的？,请问胸膜炎有哪些症状？,0
胸膜炎,医生您好:请问您胸膜炎是由什么引起的？,胸膜炎病人有什么需要注意的事项？,0
胸膜炎,医生您好:请问您胸膜炎是由什么引起的？,胸膜炎和心脏有关吗？,0
胸膜炎,胸膜炎会导致心脏移位吗？,胸膜炎会引起心脏移位吗？,1
胸膜炎,胸膜炎会导致心脏移位吗？,胸膜炎会造成心脏病吗？,1
胸膜炎,胸膜炎会导致心脏移位吗？,胸膜炎治愈后会引起心脏方面的问题吗？,0
胸膜炎,胸膜炎会导致心脏移位吗？,胸膜炎和心脏有关吗？,0
胸膜炎,胸膜炎会导致心脏移位吗？,"胸膜炎引起心脏p波高尖,该怎么治疗?",0
胸膜炎,你好，胸膜炎建议吃什么药？,你好，胸膜炎患者适宜服用什么药？,1
胸膜炎,你好，胸膜炎建议吃什么药？,你好，胸膜炎患者应该吃什么药哈好？,1
胸膜炎,你好，胸膜炎建议吃什么药？,你好，胸膜炎好治吗？,0
胸膜炎,你好，胸膜炎建议吃什么药？,胸膜炎的病因是什么？,0
胸膜炎,你好，胸膜炎建议吃什么药？,胸膜炎的症状表现是什么？,0
胸膜炎,得胸膜炎有什么症状？请详细说说,得胸膜炎会有哪些症状？,1
胸膜炎,得胸膜炎有什么症状？请详细说说,胸膜炎的症状表现是什么？,1
胸膜炎,得胸膜炎有什么症状？请详细说说,胸膜炎的病因是什么？,0
胸膜炎,得胸膜炎有什么症状？请详细说说,胸膜炎好治吗？,0
胸膜炎,得胸膜炎有什么症状？请详细说说,胸膜炎吃什么药好？,0
肺气肿,我最刚得的肺气肿病怎么治,肺气肿病该怎么治？,1
肺气肿,我最刚得的肺气肿病怎么治,肺气肿疾病该怎么治疗？,1
肺气肿,我最刚得的肺气肿病怎么治,肺气肿病发的症状？,0
肺气肿,我最刚得的肺气肿病怎么治,肺气肿是怎么样的病？,0
肺气肿,我最刚得的肺气肿病怎么治,什么是肺气肿病,0
肺气肿,得了肺气肿不能吃什么？,肺气肿不能吃什么东西的？,1
肺气肿,得了肺气肿不能吃什么？,肺气肿是不能吃什么的呢？,1
肺气肿,得了肺气肿不能吃什么？,得了肺气肿吃什么药好,0
肺气肿,得了肺气肿不能吃什么？,得了肺气肿吃什么最好？,0
肺气肿,得了肺气肿不能吃什么？,得了肺气肿应吃什么药好得快啊？,0
肺气肿,咳嗽和喘不过来气，这怎么治疗？,咳嗽、喘不过来气、呼吸不通畅怎么治疗,1
肺气肿,咳嗽和喘不过来气，这怎么治疗？,咳嗽喘不过气怎么办？,1
肺气肿,咳嗽和喘不过来气，这怎么治疗？,咳嗽能治好吗？,0
肺气肿,咳嗽和喘不过来气，这怎么治疗？,咳嗽呼吸不顺畅会导致哪些疾病？,0
肺气肿,咳嗽和喘不过来气，这怎么治疗？,咳嗽喘不过气是不是肺炎？,0
肺气肿,肺气肿能治好吗怎么治？,肺气肿能治愈好吗怎么治愈？,1
肺气肿,肺气肿能治好吗怎么治？,肺气肿应怎么治啊？能治好吗？,1
肺气肿,肺气肿能治好吗怎么治？,肺气肿孩子日常应当如何调理饮食？,0
肺气肿,肺气肿能治好吗怎么治？,小孩肺气肿症状,0
肺气肿,肺气肿能治好吗怎么治？,肺气肿的症状有哪些?,0
肺气肿,肺气肿能治好吗怎么治？,肺气肿能治愈好吗怎么治愈？,1
肺气肿,肺气肿能治好吗怎么治？,肺气肿如何可以治好,1
肺气肿,肺气肿能治好吗怎么治？,怎样预防肺气肿？,0
肺气肿,肺气肿能治好吗怎么治？,肺气肿的症状有哪些？,0
肺气肿,肺气肿能治好吗怎么治？,得了肺气肿应该注意什么？,0
肺气肿,肺气肿能治好吗怎么治？,肺气肿能治愈好吗怎么治愈？,1
肺气肿,肺气肿能治好吗怎么治？,肺气肿能治好吗？,1
肺气肿,肺气肿能治好吗怎么治？,肺气肿，引起双腿发肿有什么好的治疗方法吗？,0
肺气肿,肺气肿能治好吗怎么治？,肺气泡怎么治疗？,0
肺气肿,肺气肿能治好吗怎么治？,肺气肿患者饮食上应该吃什么？,0
肺气肿,肺气肿是怎么引起的啊？,肺气肿是怎么造成的？,1
肺气肿,肺气肿是怎么引起的啊？,导致肺气肿的原因是什么？,1
肺气肿,肺气肿是怎么引起的啊？,请问肺气肿如何治疗？,0
肺气肿,肺气肿是怎么引起的啊？,严重的肺气肿会引起死亡吗？,0
肺气肿,肺气肿是怎么引起的啊？,肺气肿严重有什么症状呀,0
肺气肿,胃不好的人能吃桃子吗？,胃不好的人可以吃桃子吗,1
肺气肿,胃不好的人能吃桃子吗？,胃不好能吃桃子吗？,1
肺气肿,胃不好的人能吃桃子吗？,胃不好的人吃什么,0
肺气肿,胃不好的人能吃桃子吗？,胃消化不好吃什么药,0
肺气肿,胃不好的人能吃桃子吗？,胃不好吃什么菜易消化,0
肺气肿,请问，肺气肿怎么治疗呢？,请问肺气肿怎么回事怎么治疗呢？,1
肺气肿,请问，肺气肿怎么治疗呢？,肺气肿该如何治疗？,1
肺气肿,请问，肺气肿怎么治疗呢？,肺气肿症状有哪些？,0
肺气肿,请问，肺气肿怎么治疗呢？,肺气肿能治好吗？,0
肺气肿,请问，肺气肿怎么治疗呢？,肺气肿哪个医院看的好？,0
肺气肿,肺气肿会引起的并发症有哪些？,肺气肿会导致哪些并发症啊？,1
肺气肿,肺气肿会引起的并发症有哪些？,得了肺气肿会出现什么样的并发症呢,1
肺气肿,肺气肿会引起的并发症有哪些？,肺炎有哪些并发症？,0
肺气肿,肺气肿会引起的并发症有哪些？,肺气肿是怎么引起的,0
肺气肿,肺气肿会引起的并发症有哪些？,肺气肿能治好吗,0
肺气肿,60岁的肺气肿能活多久,得了肺气肿还能活多久,1
肺气肿,60岁的肺气肿能活多久,得了肺气肿还有多久可活？,1
肺气肿,60岁的肺气肿能活多久,得了肺气肿能不能恢复,0
肺气肿,60岁的肺气肿能活多久,轻微肺气肿严重吗？,0
肺气肿,60岁的肺气肿能活多久,轻微肺气肿可以活四十年吗,0
肺气肿,治肺气肿的最佳方法有哪些,治疗肺气肿的最佳方法是什么？,1
肺气肿,治肺气肿的最佳方法有哪些,治疗肺气肿最好的方法是啥？,1
肺气肿,治肺气肿的最佳方法有哪些,肺气肿的检查方法是什么？,0
肺气肿,治肺气肿的最佳方法有哪些,肺气肿是怎么检查的？,0
肺气肿,治肺气肿的最佳方法有哪些,什么是肺癌早期并肺气肿最好的治疗方法？,0
肺气肿,肺气肿应该怎么治疗，应注意什么,肺气肿应该怎样治疗？应注意些什么呢？,1
肺气肿,肺气肿应该怎么治疗，应注意什么,有肺气肿应注意些什么？,1
肺气肿,肺气肿应该怎么治疗，应注意什么,肺气肿都有哪些症状的,0
肺气肿,肺气肿应该怎么治疗，应注意什么,肺气肿的类型有哪些呢？,0
肺气肿,肺气肿应该怎么治疗，应注意什么,肺气肿发病类型有多少种？,0
肺气肿,肺气肿肺大泡需不需要手术?,肺大泡，肺气肿，气胸肺大泡需不需要手术？或进一步处理？,1
肺气肿,肺气肿肺大泡需不需要手术?,肺大泡，肺气肿，支扩伴感染，我爸的肺到底需不需要手术？,1
肺气肿,肺气肿肺大泡需不需要手术?,治肺气肿需多少钱,0
肺气肿,肺气肿肺大泡需不需要手术?,肺气肿需不需要住院治疗,0
肺气肿,肺气肿肺大泡需不需要手术?,肺气肿住院治疗需要多久,0
肺气肿,治疗肺气肿的药物有哪些？,治疗肺气肿的特效药有哪些,1
肺气肿,治疗肺气肿的药物有哪些？,什么药可以治疗肺气肿,1
肺气肿,治疗肺气肿的药物有哪些？,肺气肿的表现有哪些,0
肺气肿,治疗肺气肿的药物有哪些？,肺气肿的类型有哪些？,0
肺气肿,治疗肺气肿的药物有哪些？,肺气肿的症状有哪些类型,0
肺气肿,治疗肺气肿的药物有哪些？,治疗肺气肿的药物有哪些药？,1
肺气肿,治疗肺气肿的药物有哪些？,治疗肺气肿的药物有哪些？,1
肺气肿,治疗肺气肿的药物有哪些？,治疗肺气肿有特效药吗？,0
肺气肿,治疗肺气肿的药物有哪些？,中医治疗肺气肿的药物有哪些？,0
肺气肿,治疗肺气肿的药物有哪些？,肺气肿怎么治疗？有哪些方法？,0
肺气肿,怎么样预防肺气肿的发生？,肺气肿怎么预防？,1
肺气肿,怎么样预防肺气肿的发生？,关于肺气肿，平时怎样预防治疗？,1
肺气肿,怎么样预防肺气肿的发生？,肺气肿可以预防吗,0
肺气肿,怎么样预防肺气肿的发生？,冬季防止肺气肿用加湿器吗？,0
肺气肿,怎么样预防肺气肿的发生？,肺气肿能治好吗？,0
肺气肿,怎么样预防肺气肿的发生？,肺气肿要怎么预防呢？,1
肺气肿,怎么样预防肺气肿的发生？,请问怎么预防肺气肿的发生？,1
肺气肿,怎么样预防肺气肿的发生？,怎样预防小儿肺气肿的？,0
肺气肿,怎么样预防肺气肿的发生？,肺气肿是怎么引起的？,0
肺气肿,怎么样预防肺气肿的发生？,肺气肿吃什么食物最好？,0
肺气肿,肺气肿病情轻重分类有哪些？,肺气肿如何分类,1
肺气肿,肺气肿病情轻重分类有哪些？,肺气肿病因严重程度怎么分类,1
肺气肿,肺气肿病情轻重分类有哪些？,肺气肿临床表现症状轻重与什么有关,0
肺气肿,肺气肿病情轻重分类有哪些？,肠梗阻分为哪三种？,0
肺气肿,肺气肿病情轻重分类有哪些？,中心型肺癌的X线平片表现,0
肺气肿,肺气肿病情轻重分类有哪些？,肺气肿的类型有哪些？,1
肺气肿,肺气肿病情轻重分类有哪些？,肺气肿病情轻重有哪些分类？,1
肺气肿,肺气肿病情轻重分类有哪些？,肺气肿临床表现症状轻重与什么有关？,0
肺气肿,肺气肿病情轻重分类有哪些？,肺上肿瘤好治疗吗？,0
肺气肿,肺气肿病情轻重分类有哪些？,上海肺肿瘤医院哪个好？,0
肺气肿,肺气肿可以喝补肺丸吗？,补肺丸治疗肺气肿吗,1
肺气肿,肺气肿可以喝补肺丸吗？,肺气肿用补肺丸来治疗的效果咋么样,1
肺气肿,肺气肿可以喝补肺丸吗？,补肺丸这个药都适宜哪些人群使用呢,0
肺气肿,肺气肿可以喝补肺丸吗？,补肺丸哪个牌子好,0
肺气肿,肺气肿可以喝补肺丸吗？,吃补肺丸有什么副作用,0
肺气肿,肺气肿可以喝补肺丸吗？,肺气肿吃补肺丸有用吗？,1
肺气肿,肺气肿可以喝补肺丸吗？,肺气肿能吃补肺丸吗？,1
肺气肿,肺气肿可以喝补肺丸吗？,肺气肿吃补肺丸几盒才能治好？,0
肺气肿,肺气肿可以喝补肺丸吗？,补肺丸对肺气肿有疗效吗？,0
肺气肿,肺气肿可以喝补肺丸吗？,肺气肿吃核酪口服液和补肺丸哪样比较好？,0
肺气肿,患有了肺气肿了，该怎么治疗,得了肺气肿怎么办,1
肺气肿,患有了肺气肿了，该怎么治疗,治疗肺气肿有哪些方法,1
肺气肿,患有了肺气肿了，该怎么治疗,肺气肿的临床表现有哪些,0
肺气肿,患有了肺气肿了，该怎么治疗,肺气肿需要手术吗,0
肺气肿,患有了肺气肿了，该怎么治疗,轻微肺气肿需要治疗吗,0
肺气肿,请问导致肺气肿的原因有哪些？,请问肺气肿是什么原因造成的？,1
肺气肿,请问导致肺气肿的原因有哪些？,医生请问肺气肿是什么原因造成的？,1
肺气肿,请问导致肺气肿的原因有哪些？,得了肺气肿并有肺大泡怎么办？,0
肺气肿,请问导致肺气肿的原因有哪些？,得肺气肿一个月了，肺气肿能治好吗？,0
肺气肿,请问导致肺气肿的原因有哪些？,治肺气肿的最佳方法？,0
肺气肿,请问导致肺气肿的原因有哪些？,请问肺气肿是什么原因造成的？,1
肺气肿,请问导致肺气肿的原因有哪些？,医生请问肺气肿是什么原因造成的？,1
肺气肿,请问导致肺气肿的原因有哪些？,得了肺气肿并有肺大泡怎么办？,0
肺气肿,请问导致肺气肿的原因有哪些？,得肺气肿一个月了，肺气肿能治好吗？,0
肺气肿,请问导致肺气肿的原因有哪些？,治肺气肿的最佳方法？,0
肺气肿,治肺气肿的最佳方法有哪些？,治疗肺气肿的最佳方法是什么？,1
肺气肿,治肺气肿的最佳方法有哪些？,请问治疗肺气肿的最好的方法有哪哪些？,1
肺气肿,治肺气肿的最佳方法有哪些？,最新肺气肿的治疗方法是什么？,0
肺气肿,治肺气肿的最佳方法有哪些？,肺气肿有最好的办法吗？,0
肺气肿,治肺气肿的最佳方法有哪些？,你好大夫，肺气肿，请问有什么方法能缓解吗？,0
肺气肿,患有了肺气肿了，该怎么治疗？,如何治疗肺气肿,1
肺气肿,患有了肺气肿了，该怎么治疗？,得了肺气肿如何治疗？,1
肺气肿,患有了肺气肿了，该怎么治疗？,患有了肺气肿在饮食上要注意哪些呢？,0
肺气肿,患有了肺气肿了，该怎么治疗？,近期检查出患有了肺气肿能治愈吗？,0
肺气肿,患有了肺气肿了，该怎么治疗？,患有了肺气肿的原因会有哪些呢？,0
肺气肿,肺气肿肺大泡需不需要手术？,肺大泡，肺气肿，支扩伴感染 我爸的肺到底需不需要手术？,1
肺气肿,肺气肿肺大泡需不需要手术？,肺气肿需做手术吗？,1
肺气肿,肺气肿肺大泡需不需要手术？,肺气肿大概需花多少钱？,0
肺气肿,肺气肿肺大泡需不需要手术？,肺气肿初期需不需要吃药应该吃什么？,0
肺气肿,肺气肿肺大泡需不需要手术？,肺气肿需不需要做心电图检查？,0
肺气肿,肺气肿应该怎么治疗，应注意什么？,肺气肿应该怎么治疗，应注意什么？,1
肺气肿,肺气肿应该怎么治疗，应注意什么？,肺气肿应该怎样治疗？应注意些什么呢？,1
肺气肿,肺气肿应该怎么治疗，应注意什么？,初期肺气肿，有什么特效药吗？能治愈吗？应注意什么？,0
肺气肿,肺气肿应该怎么治疗，应注意什么？,请问肺气肿应该注意什么饮食？,0
肺气肿,肺气肿应该怎么治疗，应注意什么？,肺气肿在饮食上应该注意些什么？,0
肺气肿,肺气肿，52岁，该吃什么药？,老人肺气肿请问吃些啥药？,1
肺气肿,肺气肿，52岁，该吃什么药？,肺气肿吃什么药？,1
肺气肿,肺气肿，52岁，该吃什么药？,肺气肿吃什么药最有效？,0
肺气肿,肺气肿，52岁，该吃什么药？,肺气肿能活多久？,0
肺气肿,肺气肿，52岁，该吃什么药？,肺气肿怎么治疗最好？,0
肺气肿,肺气肿的护理要怎么做？,肺气肿的护理措施要怎么做？,1
肺气肿,肺气肿的护理要怎么做？,肺气肿的家庭护理怎么做？,1
肺气肿,肺气肿的护理要怎么做？,肺气肿的护理措施？,0
肺气肿,肺气肿的护理要怎么做？,肺气肿做雾化好吗？,0
肺气肿,肺气肿的护理要怎么做？,肺气肿的保养要怎么做呢？,0
肺气肿,慢阻肺与肺气肿有什么区别？,慢阻肺与肺气肿的区别是什么？,1
肺气肿,慢阻肺与肺气肿有什么区别？,肺气肿与慢阻肺有什么区别？,1
肺气肿,慢阻肺与肺气肿有什么区别？,肺气肿与慢阻肺是什么病？,0
肺气肿,慢阻肺与肺气肿有什么区别？,慢阻肺肺气肿应该要怎么治疗？,0
肺气肿,慢阻肺与肺气肿有什么区别？,肺气肿慢阻肺特效药有什么？,0
肺气肿,肺气肿病人有什么饮食禁忌？,肺气肿患者在饮食方面有什么禁忌？,1
肺气肿,肺气肿病人有什么饮食禁忌？,肺气肿患者的饮食禁忌具体有哪些？,1
肺气肿,肺气肿病人有什么饮食禁忌？,肺气肿病人能吃公鸡吗？,0
肺气肿,肺气肿病人有什么饮食禁忌？,病人有肺气肿，怎么办？,0
肺气肿,肺气肿病人有什么饮食禁忌？,肺气肿患者的症状有哪些？,0
肺气肿,肺气肿病人怎么注意饮食？,肺气肿病人应该怎么注意饮食？,1
肺气肿,肺气肿病人怎么注意饮食？,肺气肿病人如何注意饮食？,1
肺气肿,肺气肿病人怎么注意饮食？,肺气肿病人能吃公鸡吗？,0
肺气肿,肺气肿病人怎么注意饮食？,肺气肿病人平时怎么护理？,0
肺气肿,肺气肿病人怎么注意饮食？,肺气肿病人要注意些什么？,0
肺气肿,肺气肿反复发作平时该怎么预防,肺气肿反复发作平时如何预防？,1
肺气肿,肺气肿反复发作平时该怎么预防,为防止肺气肿反复发作平时该咋预防？,1
肺气肿,肺气肿反复发作平时该怎么预防,肺气肿传染吗？,0
肺气肿,肺气肿反复发作平时该怎么预防,肺气肿治愈还会复发吗？,0
肺气肿,肺气肿反复发作平时该怎么预防,肺气肿如何治疗？,0
肺气肿,长期吸烟导致肺气肿，怎么办,抽烟得了肺气肿该如何治疗呢?,1
肺气肿,长期吸烟导致肺气肿，怎么办,长期吸烟造成了肺气肿，怎么做才好？,1
肺气肿,长期吸烟导致肺气肿，怎么办,经常吸烟会导致肺气肿病吗？,0
肺气肿,长期吸烟导致肺气肿，怎么办,长期抽烟喝酒的肺气肿人会有什么结果？,0
肺气肿,长期吸烟导致肺气肿，怎么办,肺气肿引起的咳嗽怎么治疗？,0
肺气肿,哪些中草药能治肺气肿?,肺气肿用什么中草药能治好？,1
肺气肿,哪些中草药能治肺气肿?,能治肺气肿的中草药有哪些？,1
肺气肿,哪些中草药能治肺气肿?,肺癌化疗期间可以喝止痛的草药吗？,0
肺气肿,哪些中草药能治肺气肿?,肺气肿中药能治疗吗？,0
肺气肿,哪些中草药能治肺气肿?,肺气肿吃什么中药最有效？,0
肺气肿,肺气肿在日常生活当中应该注意哪些事项,肺气肿在平时有什么是需要注意的？,1
肺气肿,肺气肿在日常生活当中应该注意哪些事项,肺气肿在日常生活中要注意哪些？,1
肺气肿,肺气肿在日常生活当中应该注意哪些事项,肺气肿病人最明显的表现有哪些呢?,0
肺气肿,肺气肿在日常生活当中应该注意哪些事项,肺气肿患者会有哪些病理症状？,0
肺气肿,肺气肿在日常生活当中应该注意哪些事项,肺气肿病人该吃什么药？,0
肺气肿,患有肺气肿平时需要注意哪些事项,肺气肿患者平时要注意什么？,1
肺气肿,患有肺气肿平时需要注意哪些事项,患有肺气肿有什么事项需要注意？,1
肺气肿,患有肺气肿平时需要注意哪些事项,肺气肿传染吗？,0
肺气肿,患有肺气肿平时需要注意哪些事项,肺气肿患者会有哪些病理症状？,0
肺气肿,患有肺气肿平时需要注意哪些事项,肺气肿病人最明显的表现有哪些呢?,0
肺气肿,肺气肿可以做运动吗? 有好处吗?,肺气肿能锻炼吗? 对病情有好处吗?,1
肺气肿,肺气肿可以做运动吗? 有好处吗?,肺气肿病人可以做运动吗？运动有好处没有？,1
肺气肿,肺气肿可以做运动吗? 有好处吗?,肺气肿患者应在平时做什么运动好,0
肺气肿,肺气肿可以做运动吗? 有好处吗?,肺气肿怎样锻炼肺功能？,0
肺气肿,肺气肿可以做运动吗? 有好处吗?,不抽烟为什么得了肺气肿？,0
肺气肿,肺气肿可以彻底治好吗?,肺气肿可以被治愈吗?,1
肺气肿,肺气肿可以彻底治好吗?,肺气肿能能完全治好?,1
肺气肿,肺气肿可以彻底治好吗?,肺气肿好不好治疗？,0
肺气肿,肺气肿可以彻底治好吗?,关于肺气肿，平时怎样预防治疗？,0
肺气肿,肺气肿可以彻底治好吗?,肺气肿如何治疗？,0
肺气肿,得了肺气肿会传染给家吗,患有肺气肿能传染给家人吗？,1
肺气肿,得了肺气肿会传染给家吗,得了肺气肿是否会传染给家人？,1
肺气肿,得了肺气肿会传染给家吗,患者发生感染易得肺气肿吗？,0
肺气肿,得了肺气肿会传染给家吗,什么情况下更易感染肺气肿？,0
肺气肿,得了肺气肿会传染给家吗,肺气肿的传播途径都有哪些？,0
肺气肿,得了肺气肿寿命还剩下几年?,肺气肿患者的寿命有多长？,1
肺气肿,得了肺气肿寿命还剩下几年?,我检查患有肺气肿还能活多久？,1
肺气肿,得了肺气肿寿命还剩下几年?,肺气肿能治好吗？,0
肺气肿,得了肺气肿寿命还剩下几年?,肺气肿传染吗？,0
肺气肿,得了肺气肿寿命还剩下几年?,肺气肿反复发作平时如何预防？,0
肺气肿,得了肺气肿怎么治疗的呢?,患有了肺气肿了，该怎么治疗呢？,1
肺气肿,得了肺气肿怎么治疗的呢?,患肺气肿如何治疗？,1
肺气肿,得了肺气肿怎么治疗的呢?,同时患上支气管炎和肺气肿能治好吗？,0
肺气肿,得了肺气肿怎么治疗的呢?,肺气肿是怎么样的病？,0
肺气肿,得了肺气肿怎么治疗的呢?,肺气肿病有什么症状？,0
肺气肿,轻微肺气肿可以活四十年吗,轻微肺气肿还能活四十年吗？,1
肺气肿,轻微肺气肿可以活四十年吗,轻微肺气肿能否活四十年？,1
肺气肿,轻微肺气肿可以活四十年吗,得了肺气肿平均死亡年龄是多少？,0
肺气肿,轻微肺气肿可以活四十年吗,刚知道得了肺气肿，还能干重活吗？,0
肺气肿,轻微肺气肿可以活四十年吗,早期肺气肿应该怎么治疗？,0
肺气肿,中医是怎么讲肺气肿这个病因的?,中医是如何解释肺气肿病因的？,1
肺气肿,中医是怎么讲肺气肿这个病因的?,肺气肿的病因以中医角度怎么理解？,1
肺气肿,中医是怎么讲肺气肿这个病因的?,有可以治疗肺气肿的中药吗？,0
肺气肿,中医是怎么讲肺气肿这个病因的?,肺气肿传染吗？,0
肺气肿,中医是怎么讲肺气肿这个病因的?,肺气肿好不好治疗？,0
肺气肿,请问肺气肿严重吗?要紧吗,患有肺气肿要不要紧严重吗？,1
肺气肿,请问肺气肿严重吗?要紧吗,得了肺气肿可怕吗？要不要紧？,1
肺气肿,请问肺气肿严重吗?要紧吗,肺气肿病有什么症状？,0
肺气肿,请问肺气肿严重吗?要紧吗,肺气肿如何预防？,0
肺气肿,请问肺气肿严重吗?要紧吗,肺气肿传染吗？,0
肺气肿,肺气肿是怎么造成的呢?,肺气肿是如何引起的?,1
肺气肿,肺气肿是怎么造成的呢?,肺气肿的病因是什么呢?,1
肺气肿,肺气肿是怎么造成的呢?,肺气肿有哪些症状？,0
肺气肿,肺气肿是怎么造成的呢?,肺气肿好不好治？,0
肺气肿,肺气肿是怎么造成的呢?,肺气肿病人最明显的表现有哪些呢?,0
肺气肿,肺气肿和肺炎有什么区别,肺气肿和肺炎区别在哪？,1
肺气肿,肺气肿和肺炎有什么区别,怎么区别肺气肿和肺炎？,1
肺气肿,肺气肿和肺炎有什么区别,肺气肿和肺炎哪个严重？,0
肺气肿,肺气肿和肺炎有什么区别,肺气肿传播途径有哪些？,0
肺气肿,肺气肿和肺炎有什么区别,肺气肿的病因是什么呢?,0
肺气肿,导致肺气肿的原因是什么?,肺气肿是怎么造成的?,1
肺气肿,导致肺气肿的原因是什么?,肺气肿是如何引起的?,1
肺气肿,导致肺气肿的原因是什么?,肺气肿有哪些病理特征？,0
肺气肿,导致肺气肿的原因是什么?,肺气肿会传染吗？,0
肺气肿,导致肺气肿的原因是什么?,肺气肿能治好吗？,0
肺气肿,老年人肺气肿的症状有哪些?,老年人肺气肿的症状是什么呢？,1
肺气肿,老年人肺气肿的症状有哪些?,请问老年人肺气肿有哪些症状？,1
肺气肿,老年人肺气肿的症状有哪些?,老年人有肺气肿严重吗？,0
肺气肿,老年人肺气肿的症状有哪些?,肺气肿吃什么药老人？,0
肺气肿,老年人肺气肿的症状有哪些?,老人家肺气肿吃什么好？,0
肺气肿,肺气肿的早期症状有哪些?,肺气肿有哪些早期的体征？,1
肺气肿,肺气肿的早期症状有哪些?,肺气肿的早期症状是什么？,1
肺气肿,肺气肿的早期症状有哪些?,肺气肿的早期如何治疗？,0
肺气肿,肺气肿的早期症状有哪些?,初期肺气肿要不要紧？,0
肺气肿,肺气肿的早期症状有哪些?,肺气肿早期症状明不明显？,0
肺气肿,什么是肺气肿肺气肿的症状有哪些,肺气肿是怎么定义的？有哪些症状？,1
肺气肿,什么是肺气肿肺气肿的症状有哪些,肺气肿是怎样的一种病，症状表现为什么？,1
肺气肿,什么是肺气肿肺气肿的症状有哪些,肺气肿有得治吗？,0
肺气肿,什么是肺气肿肺气肿的症状有哪些,肺气肿的病因是什么呢?,0
肺气肿,什么是肺气肿肺气肿的症状有哪些,肺气肿有什么类别？,0
肺气肿,肺气肿严重吗 医生说我是肺气肿,肺气肿严重吗能治愈吗？,1
肺气肿,肺气肿严重吗 医生说我是肺气肿,患有肺气肿要紧吗严重吗？,1
肺气肿,肺气肿严重吗 医生说我是肺气肿,什么是肺气肿疾病啊？,0
肺气肿,肺气肿严重吗 医生说我是肺气肿,肺气肿最严重的症状是什么？,0
肺气肿,肺气肿严重吗 医生说我是肺气肿,肺气肿是怎样发病的？,0
肺气肿,为什么医生都说肺气肿很严重,怎么解释医生说肺气肿很严重？,1
肺气肿,为什么医生都说肺气肿很严重,医生都说肺气肿很严重是什么原因？,1
肺气肿,为什么医生都说肺气肿很严重,肺气肿治不好吗？,0
肺气肿,为什么医生都说肺气肿很严重,肺气肿病人怎么治疗的？,0
肺气肿,为什么医生都说肺气肿很严重,肺气肿病有什么症状？,0
肺气肿,如果得了肺气肿怎么办啊,如果得了肺气肿该怎么做？,1
肺气肿,如果得了肺气肿怎么办啊,如果得了肺气肿如何是好？,1
肺气肿,如果得了肺气肿怎么办啊,肺气肿病有什么症状？,0
肺气肿,如果得了肺气肿怎么办啊,肺气肿在平时有什么是需要注意的？,0
肺气肿,如果得了肺气肿怎么办啊,肺气肿能治好吗？,0
肺气肿,慢阻肺的护理措施有哪些?,慢阻肺有什么护理措施？,1
肺气肿,慢阻肺的护理措施有哪些?,慢阻肺有哪些护理措施？,1
肺气肿,慢阻肺的护理措施有哪些?,慢阻肺饮食方面需要注意什么啊？,0
肺气肿,慢阻肺的护理措施有哪些?,慢阻肺是什么病？,0
肺气肿,慢阻肺的护理措施有哪些?,慢阻肺有哪些病症？,0
肺气肿,肺气肿和肺大泡有什么区别?,肺气肿和肺癌的区别有哪些？,1
肺气肿,肺气肿和肺大泡有什么区别?,慢阻肺和肺气肿有什么不同？,1
肺气肿,肺气肿和肺大泡有什么区别?,肺气肿和肺脓肿是一种病吗？,0
肺气肿,肺气肿和肺大泡有什么区别?,肺气肿有什么症状？,0
肺气肿,肺气肿和肺大泡有什么区别?,肺气肿有什么特效药？,0
肺气肿,肺气肿，双肺大泡.请问怎么治疗?,如何治疗肺气肿，双肺大泡?,1
肺气肿,肺气肿，双肺大泡.请问怎么治疗?,怎么治疗肺气肿双肺大泡？,1
肺气肿,肺气肿，双肺大泡.请问怎么治疗?,肺气肿和肺大泡有什么区别?,0
肺气肿,肺气肿，双肺大泡.请问怎么治疗?,肺气肿比肺大泡严重吗？,0
肺气肿,肺气肿，双肺大泡.请问怎么治疗?,肺气肿病有什么症状？,0
肺气肿,肺气肿的主要症状有哪些,肺气肿病有什么症状？,1
肺气肿,肺气肿的主要症状有哪些,肺气肿主要症状体现为什么？,1
肺气肿,肺气肿的主要症状有哪些,肺气肿的类型有哪些？,0
肺气肿,肺气肿的主要症状有哪些,肺气肿不能吃什么？,0
肺气肿,肺气肿的主要症状有哪些,肺气肿病人怎么治疗的？,0
肺气肿,肺气肿能吃什么营养品?,有肺气肿可以吃什么营养品呢？,1
肺气肿,肺气肿能吃什么营养品?,肺气肿能吃哪些营养品呢？,1
肺气肿,肺气肿能吃什么营养品?,老年人患肺气肿的表现？,0
肺气肿,肺气肿能吃什么营养品?,肺气肿怎么治？,0
肺气肿,肺气肿能吃什么营养品?,肺气肿病人在饮食有什么禁忌?,0
肺气肿,51岁得了肺气肿能活多久?,51岁得了肺气肿还能活几年?,1
肺气肿,51岁得了肺气肿能活多久?,51岁得了肺气肿还有多长时间可活？,1
肺气肿,51岁得了肺气肿能活多久?,老人肺气肿有什么症状？,0
肺气肿,51岁得了肺气肿能活多久?,老人肺气肿严重吗？,0
肺气肿,51岁得了肺气肿能活多久?,肺气肿吃什么药老人？,0
肺气肿,老人肺气肿病后该吃什么中药来调,哪些中药能调理老人肺气肿病？,1
肺气肿,老人肺气肿病后该吃什么中药来调,什么中药可以缓解老人肺气肿？,1
肺气肿,老人肺气肿病后该吃什么中药来调,肺气肿中药能治疗吗？,0
肺气肿,老人肺气肿病后该吃什么中药来调,老人肺气肿严重吗？,0
肺气肿,老人肺气肿病后该吃什么中药来调,老人肺气肿有什么症状？,0
肺气肿,60岁得肺气肿能活多久,60岁得肺气肿还能活多长时间？,1
肺气肿,60岁得肺气肿能活多久,60岁得肺气肿寿命还有多少？,1
肺气肿,60岁得肺气肿能活多久,肺气肿影响工作吗？,0
肺气肿,60岁得肺气肿能活多久,肺气肿病人怎么治疗的？,0
肺气肿,60岁得肺气肿能活多久,肺气肿患者平时要注意什么？,0
肺气肿,肺气肿吃什么药见效快.,肺气肿服用哪种药效果好？,1
肺气肿,肺气肿吃什么药见效快.,肺气肿吃什么药能快点好？,1
肺气肿,肺气肿吃什么药见效快.,肺气肿病人怎么治疗的？,0
肺气肿,肺气肿吃什么药见效快.,肺气肿病有什么症状？,0
肺气肿,肺气肿吃什么药见效快.,肺气肿病人最明显的表现有哪些呢?,0
肺气肿,肺气肿同肺大泡有什么区别,肺气肿同肺大泡如何区别？,1
肺气肿,肺气肿同肺大泡有什么区别,怎么辨别肺气肿同肺大泡？,1
肺气肿,肺气肿同肺大泡有什么区别,肺气肿用什么药比较好？,0
肺气肿,肺气肿同肺大泡有什么区别,肺大泡和空洞的区别在哪？,0
肺气肿,肺气肿同肺大泡有什么区别,肺气肿病有什么症状？,0
肺气肿,肺气肿患者为什么容易气短?,肺气肿患者容易气短的原因是什么?,1
肺气肿,肺气肿患者为什么容易气短?,肺气肿患者怎么会容易气短?,1
肺气肿,肺气肿患者为什么容易气短?,肺气肿患者会有哪些病理症状？,0
肺气肿,肺气肿患者为什么容易气短?,肺气肿病人该吃什么药？,0
肺气肿,肺气肿患者为什么容易气短?,肺气肿可以自愈吗？,0
肺气肿,慢阻肺肺气肿好多年胸闷气短,慢阻肺肺气肿好多年胸闷气短该怎么办？,1
肺气肿,慢阻肺肺气肿好多年胸闷气短,慢阻肺肺气肿胸闷气短如何是好？,1
肺气肿,慢阻肺肺气肿好多年胸闷气短,慢阻肺肺气肿有什么症状？,0
肺气肿,慢阻肺肺气肿好多年胸闷气短,慢阻肺肺气肿好多年怎么治疗？,0
肺气肿,慢阻肺肺气肿好多年胸闷气短,慢阻肺肺气肿会传染吗？,0
肺气肿,我想了解一下需要吸氧治疗,吸氧治疗指什么？,1
肺气肿,我想了解一下需要吸氧治疗,什么是吸氧治疗？,1
肺气肿,我想了解一下需要吸氧治疗,肺气肿怎么治疗？,0
肺气肿,我想了解一下需要吸氧治疗,吸氧治疗对于肺气肿管用吗？,0
肺气肿,我想了解一下需要吸氧治疗,肺气肿病有什么症状？,0
肺气肿,肺气肿患者饮食需要注意什么,肺气肿患者饮食的注意事项是什么？,1
肺气肿,肺气肿患者饮食需要注意什么,肺气肿患者在饮食上有什么需要注意的呢？,1
肺气肿,肺气肿患者饮食需要注意什么,气短的肺气肿患者怎么治疗啊？,0
肺气肿,肺气肿患者饮食需要注意什么,肺气肿患者具体有什么症状呢？,0
肺气肿,肺气肿患者饮食需要注意什么,有肺气肿的病人吃什么好？,0
肺气肿,得了肺气肿饮食上需要注意什么吗,肺气肿患者饮食需要注意什么？,1
肺气肿,得了肺气肿饮食上需要注意什么吗,肺气肿患者饮食的注意事项是什么？,1
肺气肿,得了肺气肿饮食上需要注意什么吗,气短的肺气肿患者怎么治疗啊？,0
肺气肿,得了肺气肿饮食上需要注意什么吗,肺气肿病人该吃什么药？,0
肺气肿,得了肺气肿饮食上需要注意什么吗,肺气肿病有什么症状？,0
肺气肿,肺气肿病人有什么饮食禁忌?,肺气肿病人在饮食有什么禁忌?,1
肺气肿,肺气肿病人有什么饮食禁忌?,肺气肿患者在饮食上有什么需要注意的呢？,1
肺气肿,肺气肿病人有什么饮食禁忌?,肺气肿病有什么症状？,0
肺气肿,肺气肿病人有什么饮食禁忌?,肺气肿患者平时要注意什么？,0
肺气肿,肺气肿病人有什么饮食禁忌?,肺气肿病人怎么治疗的？,0
肺气肿,肺气肿一般会有哪些症状表现啊,肺气肿一般会有什么症状？,1
肺气肿,肺气肿一般会有哪些症状表现啊,肺气肿患者会有哪些病理症状？,1
肺气肿,肺气肿一般会有哪些症状表现啊,得了肺气肿会有什么危害吗？,0
肺气肿,肺气肿一般会有哪些症状表现啊,肺气肿会传染吗？,0
肺气肿,肺气肿一般会有哪些症状表现啊,肺气肿传播途径有哪些？,0
肺气肿,肺气肿有哪些常见症状表现?,常见的肺气肿症状表现有哪些啊?,1
肺气肿,肺气肿有哪些常见症状表现?,肺气肿常见症状有什么？,1
肺气肿,肺气肿有哪些常见症状表现?,常见肺气肿疗法有哪些？,0
肺气肿,肺气肿有哪些常见症状表现?,肺气肿常见的病因是什么？,0
肺气肿,肺气肿有哪些常见症状表现?,肺气肿会传染吗？,0
肺气肿,肺气肿是什么原因导致的,引起肺气肿的原因有什么呢？,1
肺气肿,肺气肿是什么原因导致的,请问肺气肿是为什么引起的？,1
肺气肿,肺气肿是什么原因导致的,肺气肿是什么疾病啊？,0
肺气肿,肺气肿是什么原因导致的,治疗肺气肿好的方法是什么？,0
肺气肿,肺气肿是什么原因导致的,老年肺气肿吃什么？,0
肺气肿,肺气肿能吃什么食物?不能吃什么食物,肺气肿在食物上有哪些能吃哪些不能吃？,1
肺气肿,肺气肿能吃什么食物?不能吃什么食物,肺气肿宜吃什么忌吃什么？,1
肺气肿,肺气肿能吃什么食物?不能吃什么食物,肺气肿死亡率高不高？,0
肺气肿,肺气肿能吃什么食物?不能吃什么食物,肺气肿可治愈吗？,0
肺气肿,肺气肿能吃什么食物?不能吃什么食物,肺气肿吃什么治疗效果好？,0
肺气肿,肺气肿病人吃什么食物较好?,吃什么食物对肺气肿好？,1
肺气肿,肺气肿病人吃什么食物较好?,肺气肿病人适宜吃哪种食物？,1
肺气肿,肺气肿病人吃什么食物较好?,肺气肿不能吃什么？,0
肺气肿,肺气肿病人吃什么食物较好?,肺气肿吃什么中药？,0
肺气肿,肺气肿病人吃什么食物较好?,肺气肿可治愈吗？,0
肺气肿,今年体检出有肺气肿象征，什么意思,今年体检出有肺气肿象征是什么情况？,1
肺气肿,今年体检出有肺气肿象征，什么意思,今年体检出有肺气肿象征代表什么？,1
肺气肿,今年体检出有肺气肿象征，什么意思,肺气肿如何诊断？,0
肺气肿,今年体检出有肺气肿象征，什么意思,肺气肿常见的病因是什么？,0
肺气肿,今年体检出有肺气肿象征，什么意思,肺气肿什么治疗方法好？,0
肺气肿,为什么突然得了肺气肿?,怎么会得肺气肿？,1
肺气肿,为什么突然得了肺气肿?,肺气肿是怎么造成的？,1
肺气肿,为什么突然得了肺气肿?,肺气肿常见症状有什么？,0
肺气肿,为什么突然得了肺气肿?,肺气肿可治愈吗？,0
肺气肿,为什么突然得了肺气肿?,得了肺气肿影响睡眠吗？,0
肺气肿,肺气肿呼吸困难，气短，乏力怎么办,肺气肿呼吸困难，气短，乏力该做什么？,1
肺气肿,肺气肿呼吸困难，气短，乏力怎么办,肺气肿呼吸困难，气短，乏力如何是好？,1
肺气肿,肺气肿呼吸困难，气短，乏力怎么办,肺气肿呼吸困难，怎么缓解？,0
肺气肿,肺气肿呼吸困难，气短，乏力怎么办,肺气肿呼吸困难乏力吃什么药效果好？,0
肺气肿,肺气肿呼吸困难，气短，乏力怎么办,肺气肿呼吸困难是怎么回事？,0
肺气肿,肺气肿患者为什么气短，呼吸困难,肺气肿患者气短，呼吸困难是什么缘故？,1
肺气肿,肺气肿患者为什么气短，呼吸困难,肺气肿患者气短，呼吸困难的原因是什么？,1
肺气肿,肺气肿患者为什么气短，呼吸困难,肺气肿患者吃什么能缓解气短，呼吸困难？,0
肺气肿,肺气肿患者为什么气短，呼吸困难,肺气肿患者气短，呼吸困难会引发别的病吗？,0
肺气肿,肺气肿患者为什么气短，呼吸困难,肺气肿患者呼吸困难能治吗？,0
肺气肿,我是不是患了肺气肿了，总是呼吸困难,总是呼吸困难是患了肺气肿吗？,1
肺气肿,我是不是患了肺气肿了，总是呼吸困难,患了肺气肿是不是会呼吸困难？,1
肺气肿,我是不是患了肺气肿了，总是呼吸困难,肺气肿呼吸困难是什么缘故？,0
肺气肿,我是不是患了肺气肿了，总是呼吸困难,患了肺气肿呼吸困难吃什么药好？,0
肺气肿,我是不是患了肺气肿了，总是呼吸困难,肺气肿呼吸困难怎么缓解？,0
肺气肿,肺气肿是什么样的病?能治好吗?,肺气肿是怎样的?能否治好?,1
肺气肿,肺气肿是什么样的病?能治好吗?,肺气肿是什么病?可以治愈吗?,1
肺气肿,肺气肿是什么样的病?能治好吗?,肺气肿常见症状有什么？,0
肺气肿,肺气肿是什么样的病?能治好吗?,肺气肿常见的病因是什么？,0
肺气肿,肺气肿是什么样的病?能治好吗?,肺气肿怎么治？,0
肺气肿,肺气肿和慢阻肺是一种病?有什么区别?,肺气肿和慢阻肺如何区别?,1
肺气肿,肺气肿和慢阻肺是一种病?有什么区别?,肺气肿和慢阻肺区别有哪些？,1
肺气肿,肺气肿和慢阻肺是一种病?有什么区别?,肺气肿和慢阻肺哪个更严重？,0
肺气肿,肺气肿和慢阻肺是一种病?有什么区别?,肺气肿和慢阻肺怎么治？,0
肺气肿,肺气肿和慢阻肺是一种病?有什么区别?,肺气肿和慢阻肺有什么症状？,0
肺气肿,肺气肿是怎么回事?,肺气肿是怎样的?,1
肺气肿,肺气肿是怎么回事?,肺气肿是什么病？,1
肺气肿,肺气肿是怎么回事?,肺气肿有什么症状？,0
肺气肿,肺气肿是怎么回事?,肺气肿吃什么治疗效果好？,0
肺气肿,肺气肿是怎么回事?,肺气肿不能吃什么？,0
肺气肿,肺气肿病究竟是什么?严重吗?,肺气肿是什么病？严不严重？,1
肺气肿,肺气肿病究竟是什么?严重吗?,肺气肿是怎样的？好不好治？,1
肺气肿,肺气肿病究竟是什么?严重吗?,肺气肿的病因是什么？,0
肺气肿,肺气肿病究竟是什么?严重吗?,肺气肿常见症状有什么？,0
肺气肿,肺气肿病究竟是什么?严重吗?,肺气肿如何治疗？,0
肺气肿,两肺局限性肺野透亮度增高是肺气肿？,两肺局限性肺野透亮度增高属于肺气肿吗？,1
肺气肿,两肺局限性肺野透亮度增高是肺气肿？,两肺局限性肺野透亮度增高会是肺气肿吗？,1
肺气肿,两肺局限性肺野透亮度增高是肺气肿？,两肺局限性肺野透亮度增高怎么治疗？,0
肺气肿,两肺局限性肺野透亮度增高是肺气肿？,肺气肿有什么伴随性症状？,0
肺气肿,两肺局限性肺野透亮度增高是肺气肿？,肺气肿是什么？,0
肺气肿,请问什么是肺气肿传染吗？,肺气肿的定义是什么会传染吗？,1
肺气肿,请问什么是肺气肿传染吗？,肺气肿是怎样的是否传染？,1
肺气肿,请问什么是肺气肿传染吗？,肺气肿的病因是什么？,0
肺气肿,请问什么是肺气肿传染吗？,肺气肿能治好吗？,0
肺气肿,请问什么是肺气肿传染吗？,肺气肿常见症状有什么？,0
肺气肿,请问老年人慢支肺气肿怎么治疗？,如何治疗老年人慢支肺气肿？,1
肺气肿,请问老年人慢支肺气肿怎么治疗？,老年人慢支肺气肿该怎么治？,1
肺气肿,请问老年人慢支肺气肿怎么治疗？,老年人慢支肺气肿有什么症状？,0
肺气肿,请问老年人慢支肺气肿怎么治疗？,老年人慢支肺气肿影响睡眠吗？,0
肺气肿,请问老年人慢支肺气肿怎么治疗？,慢支肺气肿吃什么药效果好？,0
肺气肿,请问老年人慢支肺气肿怎么治疗？,74岁老人慢支肺气肿病怎么治疗,1
肺气肿,请问老年人慢支肺气肿怎么治疗？,64岁老人肺气肿慢支炎怎么治疗,1
肺气肿,请问老年人慢支肺气肿怎么治疗？,得了老慢支肺气肿，不知道怎么办,0
肺气肿,请问老年人慢支肺气肿怎么治疗？,老慢支肺气肿是什么？,0
肺气肿,请问老年人慢支肺气肿怎么治疗？,老慢支肺气肿一般多吃什么？,0
肺气肿,请问老年人慢支肺气肿怎么治疗？,老年人得了慢支肺气肿怎么办,1
肺气肿,请问老年人慢支肺气肿怎么治疗？,怎样治疗老年人的慢支肺气肿,1
肺气肿,请问老年人慢支肺气肿怎么治疗？,慢支肺气肿有什么特效药吗？,0
肺气肿,请问老年人慢支肺气肿怎么治疗？,老年人慢支肺气肿的临床表现有什么,0
肺气肿,请问老年人慢支肺气肿怎么治疗？,请问老年人慢支肺气肿怎么预防？,0
肺气肿,请问嘴唇小腿肿紫是由肺气肿引起的吗？,嘴唇小腿肿紫是肺气肿造成的吗？,1
肺气肿,请问嘴唇小腿肿紫是由肺气肿引起的吗？,嘴唇小腿肿紫是肺气肿的缘故吗？,1
肺气肿,请问嘴唇小腿肿紫是由肺气肿引起的吗？,肺气肿有什么症状？,0
肺气肿,请问嘴唇小腿肿紫是由肺气肿引起的吗？,嘴唇小腿肿紫是怎么回事？,0
肺气肿,请问嘴唇小腿肿紫是由肺气肿引起的吗？,肺气肿吃什么治疗效果好？,0
肺气肿,慢性肺阻塞肺气肿，怎么治疗？,怎么治疗慢性肺阻塞肺气肿？,1
肺气肿,慢性肺阻塞肺气肿，怎么治疗？,慢性肺阻塞肺气肿如何治疗？,1
肺气肿,慢性肺阻塞肺气肿，怎么治疗？,慢性肺阻塞肺气肿严重吗？,0
肺气肿,慢性肺阻塞肺气肿，怎么治疗？,慢性肺阻塞肺气肿会传染吗？,0
肺气肿,慢性肺阻塞肺气肿，怎么治疗？,慢性肺阻塞肺气肿有什么症状？,0
肺气肿,请问肺气肿在家要注意些什么？,肺气肿患者在家有什么需要注意的？,1
肺气肿,请问肺气肿在家要注意些什么？,肺气肿在家的注意事项是什么？,1
肺气肿,请问肺气肿在家要注意些什么？,肺气肿不能吃什么药？,0
肺气肿,请问肺气肿在家要注意些什么？,肺气肿病人在饮食上能吃什么?,0
肺气肿,请问肺气肿在家要注意些什么？,肺气肿在家能运动吗？,0
肺气肿,请问肺气肿属于什么类型的疾病？,肺气肿是哪种疾病？,1
肺气肿,请问肺气肿属于什么类型的疾病？,肺气肿属于怎样的疾病？,1
肺气肿,请问肺气肿属于什么类型的疾病？,肺气肿常见的病因是什么？,0
肺气肿,请问肺气肿属于什么类型的疾病？,肺气肿常见症状有什么？,0
肺气肿,请问肺气肿属于什么类型的疾病？,肺气肿吃什么治疗效果好？,0
肺气肿,请问肺气肿属于什么类型的疾病？,肺气肿是什么疾病啊？,1
肺气肿,请问肺气肿属于什么类型的疾病？,请问肺气肿是一种什么疾病？,1
肺气肿,请问肺气肿属于什么类型的疾病？,肺气肿是什么病严重吗,0
肺气肿,请问肺气肿属于什么类型的疾病？,严重肺气肿是什么症状？,0
肺气肿,请问肺气肿属于什么类型的疾病？,肺气肿和重度肺气肿有什么区别,0
肺气肿,请问肺气肿属于什么类型的疾病？,请问肺气肿是什么病？,1
肺气肿,请问肺气肿属于什么类型的疾病？,肺气肿是什么样的病呢?,1
肺气肿,请问肺气肿属于什么类型的疾病？,肺气肿病发时有什么症状？,0
肺气肿,请问肺气肿属于什么类型的疾病？,肺气肿怎样治？,0
肺气肿,请问肺气肿属于什么类型的疾病？,肺气肿是什么造成的？,0
肺气肿,请问肺气肿需要做手术吗？,肺气肿有必要做手术吗？,1
肺气肿,请问肺气肿需要做手术吗？,患了肺气肿要做手术吗？,1
肺气肿,请问肺气肿需要做手术吗？,肺气肿严重吗？,0
肺气肿,请问肺气肿需要做手术吗？,肺气肿需要去医院吗？,0
肺气肿,请问肺气肿需要做手术吗？,肺气肿常见症状有什么？,0
肺气肿,请问肺气肿需要做手术吗？,肺气肿需做手术吗,1
肺气肿,请问肺气肿需要做手术吗？,肺气肿要动手术吗？,1
肺气肿,请问肺气肿需要做手术吗？,肺气肿做手术多少钱,0
肺气肿,请问肺气肿需要做手术吗？,肺气肿需要做治疗吗？,0
肺气肿,请问肺气肿需要做手术吗？,肺气肿做手术能治好吗,0
肺气肿,请问肺气肿需要做手术吗？,肺气肿的病需要手术治疗吗,1
肺气肿,请问肺气肿需要做手术吗？,肺气肿要动手术吗？,1
肺气肿,请问肺气肿需要做手术吗？,肺气肿需要做治疗吗？,0
肺气肿,请问肺气肿需要做手术吗？,肺气肿做手术多少钱,0
肺气肿,请问肺气肿需要做手术吗？,肺气肿可能要做什么手术？,0
肺气肿,肺气肿能办慢性病门诊治疗吗？,患了肺气肿可以办慢性病门诊治疗吗？,1
肺气肿,肺气肿能办慢性病门诊治疗吗？,治疗肺气肿能办慢性病门诊吗？,1
肺气肿,肺气肿能办慢性病门诊治疗吗？,怎么治疗肺气肿？,0
肺气肿,肺气肿能办慢性病门诊治疗吗？,肺气肿是慢性病吗？,0
肺气肿,肺气肿能办慢性病门诊治疗吗？,肺气肿常见的病因是什么？,0
肺气肿,请问肺气肿患者发病时气喘怎么办？,肺气肿患者发病时气喘如何处理？,1
肺气肿,请问肺气肿患者发病时气喘怎么办？,肺气肿患者发病时气喘该做什么？,1
肺气肿,请问肺气肿患者发病时气喘怎么办？,肺气肿有哪些病症？,0
肺气肿,请问肺气肿患者发病时气喘怎么办？,肺气肿患者发病时气喘是什么原因？,0
肺气肿,请问肺气肿患者发病时气喘怎么办？,肺气肿患者发病能吃什么药？,0
肺气肿,请问肺气肿患者发病时气喘怎么办？,气喘肺气肿怎么办？,1
肺气肿,请问肺气肿患者发病时气喘怎么办？,肺气肿气短怎么办,1
肺气肿,请问肺气肿患者发病时气喘怎么办？,气喘是不是肺气肿啊,0
肺气肿,请问肺气肿患者发病时气喘怎么办？,肺气肿会导致气喘吗,0
肺气肿,请问肺气肿患者发病时气喘怎么办？,肺气肿和气喘有什么关系,0
肺气肿,请问肺气肿患者发病时气喘怎么办？,肺气肿气喘怎么办,1
肺气肿,请问肺气肿患者发病时气喘怎么办？,"肺气肿患者发病时,气喘怎么办呢？",1
肺气肿,请问肺气肿患者发病时气喘怎么办？,肺气肿患者为什么容易气短呀？,0
肺气肿,请问肺气肿患者发病时气喘怎么办？,肺气肿患者发病时会气喘吗？,0
肺气肿,请问肺气肿患者发病时气喘怎么办？,肺气肿发病时气喘是怎么回事？,0
肺气肿,请问肺气肿有什么治疗方法？,治疗肺气肿有什么方法？,1
肺气肿,请问肺气肿有什么治疗方法？,有什么办法可以治疗肺气肿？,1
肺气肿,请问肺气肿有什么治疗方法？,肺气肿的病因是什么？,0
肺气肿,请问肺气肿有什么治疗方法？,肺气肿能吃什么药？,0
肺气肿,请问肺气肿有什么治疗方法？,肺气肿好治吗？,0
肺气肿,请问肺气肿有哪些治疗方法？,治疗肺气肿有什么方法？,1
肺气肿,请问肺气肿有哪些治疗方法？,有什么方法可以治疗肺气肿？,1
肺气肿,请问肺气肿有哪些治疗方法？,肺气肿治疗能吃什么食物？,0
肺气肿,请问肺气肿有哪些治疗方法？,肺气肿常见症状有什么？,0
肺气肿,请问肺气肿有哪些治疗方法？,肺气肿是什么？,0
肺气肿,请问肺气肿有哪些治疗方法？,肺气肿治疗方法有哪些？,1
肺气肿,请问肺气肿有哪些治疗方法？,治疗肺气肿的方法有哪些？,1
肺气肿,请问肺气肿有哪些治疗方法？,肺气肿有哪些检查方式？,0
肺气肿,请问肺气肿有哪些治疗方法？,肺气肿的检查办法有哪些？,0
肺气肿,请问肺气肿有哪些治疗方法？,肺气肿的治疗方法可靠吗,0
肺气肿,请问肺气肿有哪些治疗方法？,治疗肺气肿的方法有哪些？,1
肺气肿,请问肺气肿有哪些治疗方法？,治疗肺气肿有什么方法不？,1
肺气肿,请问肺气肿有哪些治疗方法？,肺气肿都有那些不适的症状？,0
肺气肿,请问肺气肿有哪些治疗方法？,肺气肿不能够吃什么？,0
肺气肿,请问肺气肿有哪些治疗方法？,为什么肺气肿不好治疗,0
肺气肿,请问肺气肿有什么症状？,肺气肿有哪些症状？,1
肺气肿,请问肺气肿有什么症状？,肺气肿的症状有什么？,1
肺气肿,请问肺气肿有什么症状？,肺气肿患者呼吸困难怎么办？,0
肺气肿,请问肺气肿有什么症状？,肺气肿是怎么回事？,0
肺气肿,请问肺气肿有什么症状？,肺气肿常见的病因是什么？,0
肺气肿,请问肺气肿有什么症状？,肺气肿症状有哪些？,1
肺气肿,请问肺气肿有什么症状？,患了肺气肿一般会有哪些症状表现啊,1
肺气肿,请问肺气肿有什么症状？,肺气肿到底有多严重呢？,0
肺气肿,请问肺气肿有什么症状？,请问肺气肿有什么药吗？,0
肺气肿,请问肺气肿有什么症状？,患有肺气肿怎么治疗？,0
肺气肿,请问肺气肿有什么症状？,肺气肿症状有哪些？,1
肺气肿,请问肺气肿有什么症状？,肺气肿病人最明显的表现有哪些呢?,1
肺气肿,请问肺气肿有什么症状？,患有肺气肿怎么治疗？,0
肺气肿,请问肺气肿有什么症状？,肺气肿有什么药可以治？,0
肺气肿,请问肺气肿有什么症状？,得了肺气肿和什么有关系呢?,0
肺气肿,请问肺气肿不停咳嗽怎么治疗？,肺气肿不停咳嗽怎么办？,1
肺气肿,请问肺气肿不停咳嗽怎么治疗？,肺气肿不停咳嗽如何缓解？,1
肺气肿,请问肺气肿不停咳嗽怎么治疗？,肺气肿能治吗？,0
肺气肿,请问肺气肿不停咳嗽怎么治疗？,肺气肿常见症状有什么？,0
肺气肿,请问肺气肿不停咳嗽怎么治疗？,肺气肿不停咳嗽严重吗？,0
肺气肿,请问肺气肿病人厌食怎么办？,肺气肿病人厌食该怎么做？,1
肺气肿,请问肺气肿病人厌食怎么办？,肺气肿病人厌食如何是好？,1
肺气肿,请问肺气肿病人厌食怎么办？,肺气肿病人厌食吃点什么？,0
肺气肿,请问肺气肿病人厌食怎么办？,肺气肿病人厌食是为什么？,0
肺气肿,请问肺气肿病人厌食怎么办？,肺气肿有什么症状？,0
肺气肿,请问肺气肿病人厌食怎么办？,肺气肿病人厌食怎么办,1
肺气肿,请问肺气肿病人厌食怎么办？,肺气肿病人不想吃东西怎么办,1
肺气肿,请问肺气肿病人厌食怎么办？,肺气肿病人吃什么东西,0
肺气肿,请问肺气肿病人厌食怎么办？,请问肺气肿病人爱吃什么,0
肺气肿,请问肺气肿病人厌食怎么办？,肺气肿病人多久能治好,0
肺气肿,请问肺气肿病人厌食怎么办？,怎样治疗肺气肿病人的厌食症状,1
肺气肿,请问肺气肿病人厌食怎么办？,针对肺气肿病人厌食该如何治疗,1
肺气肿,请问肺气肿病人厌食怎么办？,肺气肿病人需注意什么,0
肺气肿,请问肺气肿病人厌食怎么办？,肺气肿病人保健办法有哪些？,0
肺气肿,请问肺气肿病人厌食怎么办？,肺气肿病人的症状表现是什么？,0
肺气肿,请问气紧胸闷肺气肿怎么办？,气紧胸闷肺气肿如何处理？,1
肺气肿,请问气紧胸闷肺气肿怎么办？,气紧胸闷肺气肿该怎么做？,1
肺气肿,请问气紧胸闷肺气肿怎么办？,气紧胸闷是患了肺气肿吗？,0
肺气肿,请问气紧胸闷肺气肿怎么办？,肺气肿是什么？,0
肺气肿,请问气紧胸闷肺气肿怎么办？,肺气肿不停咳嗽怎么回事？,0
肺气肿,请问气紧胸闷肺气肿怎么办？,肺气肿，胸闷，气短，怎么办？,1
肺气肿,请问气紧胸闷肺气肿怎么办？,肺气肿胸闷气短怎么办？,1
肺气肿,请问气紧胸闷肺气肿怎么办？,请问肺气肿怎么治疗,0
肺气肿,请问气紧胸闷肺气肿怎么办？,胸闷肺气肿能痊愈吗,0
肺气肿,请问气紧胸闷肺气肿怎么办？,请问胸闷是肺气肿吗,0
肺气肿,请问气紧胸闷肺气肿怎么办？,肺气肿胸闷气短怎么办？,1
肺气肿,请问气紧胸闷肺气肿怎么办？,肺气肿引起的气短和胸闷怎么办？,1
肺气肿,请问气紧胸闷肺气肿怎么办？,肺气肿，胸闷，气短，怎么回事？,0
肺气肿,请问气紧胸闷肺气肿怎么办？,胸闷是肺气肿的表现吗？,0
肺气肿,请问气紧胸闷肺气肿怎么办？,肺气肿的症状有哪些表现？,0
肺气肿,请问肺气肿加心脏早搏骤停怎么治疗?,如何治疗肺气肿加心脏早搏骤停?,1
肺气肿,请问肺气肿加心脏早搏骤停怎么治疗?,肺气肿加心脏早搏骤停该怎么治?,1
肺气肿,请问肺气肿加心脏早搏骤停怎么治疗?,肺气肿加心脏早搏骤停是怎么了?,0
肺气肿,请问肺气肿加心脏早搏骤停怎么治疗?,肺气肿加心脏早搏骤停吃什么药?,0
肺气肿,请问肺气肿加心脏早搏骤停怎么治疗?,肺气肿加心脏早搏骤停是严重的症状吗?,0
肺气肿,请问肺气肿加心脏早搏骤停怎么治疗?,肺气肿加心脏早搏骤停，怎么治疗?,1
肺气肿,请问肺气肿加心脏早搏骤停怎么治疗?,肺气肿和心脏早搏骤停如何治愈呢,1
肺气肿,请问肺气肿加心脏早搏骤停怎么治疗?,肺气肿能引起心脏早搏吗,0
肺气肿,请问肺气肿加心脏早搏骤停怎么治疗?,肺气肿加心脏早搏能治愈吗,0
肺气肿,请问肺气肿加心脏早搏骤停怎么治疗?,肺气肿如何预防心脏骤停啊,0
肺气肿,请问肺气肿加心脏早搏骤停怎么治疗?,怎样治疗肺气肿加心脏早搏骤停,1
肺气肿,请问肺气肿加心脏早搏骤停怎么治疗?,患有肺气肿加上心脏早搏骤停该怎么办？,1
肺气肿,请问肺气肿加心脏早搏骤停怎么治疗?,肺气肿对心脏的影响有哪些？,0
肺气肿,请问肺气肿加心脏早搏骤停怎么治疗?,肺气肿心脏衰弱能活多久,0
肺气肿,请问肺气肿加心脏早搏骤停怎么治疗?,为什么肺气肿会引起心脏病,0
肺气肿,请问老人肺气肿为什么冬天咳嗽得很厉害？,为什么老人肺气肿冬天咳嗽更厉害？,1
肺气肿,请问老人肺气肿为什么冬天咳嗽得很厉害？,老人肺气肿冬天咳嗽厉害是什么原因？,1
肺气肿,请问老人肺气肿为什么冬天咳嗽得很厉害？,老人肺气肿吃什么好？,0
肺气肿,请问老人肺气肿为什么冬天咳嗽得很厉害？,老人肺气肿有什么病症？,0
肺气肿,请问老人肺气肿为什么冬天咳嗽得很厉害？,老人肺气肿咳嗽能吃什么药？,0
肺气肿,请问老人肺气肿为什么冬天咳嗽得很厉害？,肺气肿为什么冬天咳嗽,1
肺气肿,请问老人肺气肿为什么冬天咳嗽得很厉害？,肺气肿老人冬天咳嗽，为什么呢,1
肺气肿,请问老人肺气肿为什么冬天咳嗽得很厉害？,肺气肿病人冬天咳嗽怎么办,0
肺气肿,请问老人肺气肿为什么冬天咳嗽得很厉害？,老人冬天得了肺气肿，一直咳嗽怎么办,0
肺气肿,请问老人肺气肿为什么冬天咳嗽得很厉害？,是不是肺气肿病人冬天咳嗽得厉害,0
肺气肿,请问老人肺气肿为什么冬天咳嗽得很厉害？,老人肺气肿冬天咳嗽的更厉害的原因是什么？,1
肺气肿,请问老人肺气肿为什么冬天咳嗽得很厉害？,为什么冬天得肺气肿的老人咳嗽很厉害,1
肺气肿,请问老人肺气肿为什么冬天咳嗽得很厉害？,老人肺气肿应该注意什么,0
肺气肿,请问老人肺气肿为什么冬天咳嗽得很厉害？,老人肺气肿怎么引起的,0
肺气肿,请问老人肺气肿为什么冬天咳嗽得很厉害？,老人肺气肿怎么治疗？,0
肺气肿,请问患有慢支肺气肿该怎么治疗？,患有慢支肺气肿如何医治？,1
肺气肿,请问患有慢支肺气肿该怎么治疗？,怎么治疗患有慢支肺气肿？,1
肺气肿,请问患有慢支肺气肿该怎么治疗？,患有慢支肺气肿会传染家人吗？,0
肺气肿,请问患有慢支肺气肿该怎么治疗？,慢支肺气肿有什么病症？,0
肺气肿,请问患有慢支肺气肿该怎么治疗？,患有慢支肺气肿能运动吗？,0
肺气肿,请问患有慢支肺气肿该怎么治疗？,患有肺气肿、慢支有好的治疗方法吗？,1
肺气肿,请问患有慢支肺气肿该怎么治疗？,肺气肿，老慢支怎么治好？,1
肺气肿,请问患有慢支肺气肿该怎么治疗？,慢支肺气肿还能活多久？,0
肺气肿,请问患有慢支肺气肿该怎么治疗？,肺气肿慢支有什么症状？,0
肺气肿,请问患有慢支肺气肿该怎么治疗？,老慢支肺气肿用什么药？,0
肺气肿,请问患有慢支肺气肿该怎么治疗？,患有慢支肺气肿有什么好的治疗方法吗？,1
肺气肿,请问患有慢支肺气肿该怎么治疗？,如何有效治疗慢支肺气肿？,1
肺气肿,请问患有慢支肺气肿该怎么治疗？,慢支肺气肿症状有哪些？,0
肺气肿,请问患有慢支肺气肿该怎么治疗？,慢支肺气肿是什么,0
肺气肿,请问患有慢支肺气肿该怎么治疗？,慢支肺气肿注意什么,0
肺气肿,请问肺气肿怎么有效治疗？,肺气肿该怎么治疗好？,1
肺气肿,请问肺气肿怎么有效治疗？,肺气肿要怎么治疗才好？,1
肺气肿,请问肺气肿怎么有效治疗？,肺气肿可治愈吗？应吃什么药为好？,0
肺气肿,请问肺气肿怎么有效治疗？,肺气肿能治好吗,0
肺气肿,请问肺气肿怎么有效治疗？,治疗肺气肿哪里比较好,0
肺气肿,请问肺气肿怎么有效治疗？,怎样治疗肺气肿有效,1
肺气肿,请问肺气肿怎么有效治疗？,肺气肿该怎么治疗好？,1
肺气肿,请问肺气肿怎么有效治疗？,怎样有效预防肺气肿,0
肺气肿,请问肺气肿怎么有效治疗？,为什么会得肺气肿,0
肺气肿,请问肺气肿怎么有效治疗？,肺气肿的症状有哪些表现？,0
肺气肿,请问肺气肿是不是喝橄榄油？,肺气肿能吃橄榄油吗？,1
肺气肿,请问肺气肿是不是喝橄榄油？,您好请问肺气肿是不是喝橄榄油,1
肺气肿,请问肺气肿是不是喝橄榄油？,肺气肿喝多少橄榄油,0
肺气肿,请问肺气肿是不是喝橄榄油？,肺气肿怎么喝橄榄油,0
肺气肿,请问肺气肿是不是喝橄榄油？,肺气肿橄榄油吃不下怎么办,0
肺气肿,肺气肿引起肺大泡怎样保养？,肺气肿肺大泡怎样保养,1
肺气肿,肺气肿引起肺大泡怎样保养？,肺气肿及肺大泡如何治疗和保养,1
肺气肿,肺气肿引起肺大泡怎样保养？,肺气肿肺大泡症状有哪些,0
肺气肿,肺气肿引起肺大泡怎样保养？,肺气肿肺大泡可以治愈吗,0
肺气肿,肺气肿引起肺大泡怎样保养？,治疗肺气肿肺大泡哪里比较好,0
肺气肿,您好，我爸肺气肿好多年，能吃补肺丸吗？,肺气肿能吃补肺丸吗,1
肺气肿,您好，我爸肺气肿好多年，能吃补肺丸吗？,多年肺气肿可以吃吃补肺丸吗,1
肺气肿,您好，我爸肺气肿好多年，能吃补肺丸吗？,肺气肿能吃什么药,0
肺气肿,您好，我爸肺气肿好多年，能吃补肺丸吗？,多年肺气肿吃药能治好吗,0
肺气肿,您好，我爸肺气肿好多年，能吃补肺丸吗？,肺气肿怎么治疗呢,0
肺气肿,您好，我爸肺气肿好多年，能吃补肺丸吗？,您好，我爸肺气肿好多年补肺丸能吃吗？,1
肺气肿,您好，我爸肺气肿好多年，能吃补肺丸吗？,您好，我爸肺气肿好多年，能吃什么药?,1
肺气肿,您好，我爸肺气肿好多年，能吃补肺丸吗？,您好，我爸肺气肿好多年，跑步能好吗?,0
肺气肿,您好，我爸肺气肿好多年，能吃补肺丸吗？,您好，我爸肺气肿好多年，补肺丸好吗？,0
肺气肿,您好，我爸肺气肿好多年，能吃补肺丸吗？,您好，我爸肺气肿好多年，补肺丸是治肺气肿吗？,0
肺气肿,治疗肺气肿的药物哪种好,肺气肿药物哪种好？,1
肺气肿,治疗肺气肿的药物哪种好,治疗肺气肿的药物哪种好呢,1
肺气肿,治疗肺气肿的药物哪种好,肺气肿的治疗方法哪种好？,0
肺气肿,治疗肺气肿的药物哪种好,a型肺气肿是哪一种？,0
肺气肿,治疗肺气肿的药物哪种好,肺气肿有哪几种类型？,0
肺气肿,ct报告右肺中叶索条是什么病还有肺气肿,右肺中叶索条是什么病,1
肺气肿,ct报告右肺中叶索条是什么病还有肺气肿,右肺中叶索条和肺气肿是什么病,1
肺气肿,ct报告右肺中叶索条是什么病还有肺气肿,右肺中叶索条如何治疗,0
肺气肿,ct报告右肺中叶索条是什么病还有肺气肿,怎么治疗右肺中叶索条还有肺气肿,0
肺气肿,ct报告右肺中叶索条是什么病还有肺气肿,右肺中叶索条还有肺气肿能治愈吗,0
肺气肿,请问肺气肿复发率高吗？,肺气肿复发可能性大吗,1
肺气肿,请问肺气肿复发率高吗？,肺气肿复发的概率高吗,1
肺气肿,请问肺气肿复发率高吗？,肺气肿可治愈吗,0
肺气肿,请问肺气肿复发率高吗？,如何预防肺气肿,0
肺气肿,请问肺气肿复发率高吗？,如何预防肺气肿的发病,0
肺气肿,请问肺气肿复发率高吗？,肺气肿治愈后容易复发吗？,1
肺气肿,请问肺气肿复发率高吗？,肺气肿的复发率有多高？,1
肺气肿,请问肺气肿复发率高吗？,肺气肿反复发作怎么办？,0
肺气肿,请问肺气肿复发率高吗？,如何预防肺气肿复发？,0
肺气肿,请问肺气肿复发率高吗？,肺气肿为什会反复发作？,0
肺气肿,得了肺气肿再抽烟喝酒还能活多久？,抽烟喝酒对肺气肿病人健康的影响有哪些,1
肺气肿,得了肺气肿再抽烟喝酒还能活多久？,肺气肿病人抽烟喝酒能活多长时间,1
肺气肿,得了肺气肿再抽烟喝酒还能活多久？,肺气肿能抽烟吗？,0
肺气肿,得了肺气肿再抽烟喝酒还能活多久？,肺气肿能不能喝酒呢？,0
肺气肿,得了肺气肿再抽烟喝酒还能活多久？,慢阻肺肺气肿患者能喝酒,0
肺气肿,有宝宝得肺气肿不咳嗽不喘只发烧的吗?,有没有肺气肿不咳嗽只发烧的孩子,1
肺气肿,有宝宝得肺气肿不咳嗽不喘只发烧的吗?,有多少宝宝肺气肿只发烧不咳嗽,1
肺气肿,有宝宝得肺气肿不咳嗽不喘只发烧的吗?,不咳嗽不喘是肺气肿吗,0
肺气肿,有宝宝得肺气肿不咳嗽不喘只发烧的吗?,只发烧是肺气肿吗,0
肺气肿,有宝宝得肺气肿不咳嗽不喘只发烧的吗?,宝宝得了肺气肿发烧吗,0
肺气肿,肺纤维化肺气肿如何治疗,怎么治疗肺纤维化肺气肿,1
肺气肿,肺纤维化肺气肿如何治疗,肺纤维化肺气肿的治疗方法是啥,1
肺气肿,肺纤维化肺气肿如何治疗,肺纤维化肺气肿是什么,0
肺气肿,肺纤维化肺气肿如何治疗,肺纤维化和肺气肿之间是什么关系,0
肺气肿,肺纤维化肺气肿如何治疗,肺纤维化肺气肿可以治疗吗,0
肺气肿,肺纤维化肺气肿如何治疗,如何治疗肺纤维化肺气肿,1
肺气肿,肺纤维化肺气肿如何治疗,肺纤维化肺气肿治疗方案有哪些？,1
肺气肿,肺纤维化肺气肿如何治疗,肺纤维化肺气肿致死率有多高？,0
肺气肿,肺纤维化肺气肿如何治疗,肺纤维化肺气肿能根治吗？,0
肺气肿,肺纤维化肺气肿如何治疗,肺纤维化肺气肿吃什么好？,0
肺气肿,请问肺气肿能办慢性病门诊治疗吗？,肺气肿可以在慢性病门诊治疗吗,1
肺气肿,请问肺气肿能办慢性病门诊治疗吗？,肺气肿能办慢性病门诊的治疗手续吗,1
肺气肿,请问肺气肿能办慢性病门诊治疗吗？,肺气肿办慢性病门诊怎么办,0
肺气肿,请问肺气肿能办慢性病门诊治疗吗？,肺气肿的治疗过程是什么,0
肺气肿,请问肺气肿能办慢性病门诊治疗吗？,肺气肿的药物有哪些,0
肺气肿,请问肺气肿能办慢性病门诊治疗吗？,肺气肿要到慢性病门诊治疗吗？,1
肺气肿,请问肺气肿能办慢性病门诊治疗吗？,慢性病门诊能治疗肺气肿吗？,1
肺气肿,请问肺气肿能办慢性病门诊治疗吗？,肺气肿好治疗吗？,0
肺气肿,请问肺气肿能办慢性病门诊治疗吗？,肺气肿怎么治疗最好？,0
肺气肿,请问肺气肿能办慢性病门诊治疗吗？,肺气肿吃什么补品好？,0
肺气肿,请问得肺气肿怎么治疗？,请问肺气肿怎么治疗？,1
肺气肿,请问得肺气肿怎么治疗？,请问肺气肿该怎么治疗好？,1
肺气肿,请问得肺气肿怎么治疗？,肺气肿能治好吗？,0
肺气肿,请问得肺气肿怎么治疗？,肺气肿吃什么好,0
肺气肿,请问得肺气肿怎么治疗？,肺气肿是什么病,0
肺气肿,请问得肺气肿怎么治疗？,请问医生肺气肿怎么治疗？,1
肺气肿,请问得肺气肿怎么治疗？,怎样治疗肺气肿？,1
肺气肿,请问得肺气肿怎么治疗？,肺气肿症状有哪些？,0
肺气肿,请问得肺气肿怎么治疗？,肺气肿是什么原因导致的？,0
肺气肿,请问得肺气肿怎么治疗？,肺气肿的症状有哪些表现？,0
肺气肿,慢阻肺与肺气肿这两种疾病有什么区别？,慢阻肺和肺气肿的区别有哪些,1
肺气肿,慢阻肺与肺气肿这两种疾病有什么区别？,慢阻肺和肺气肿的不同体现在哪里,1
肺气肿,慢阻肺与肺气肿这两种疾病有什么区别？,慢阻肺和肺气肿可以一起治愈吗,0
肺气肿,慢阻肺与肺气肿这两种疾病有什么区别？,慢阻肺和肺气肿的治愈过程一样吗,0
肺气肿,慢阻肺与肺气肿这两种疾病有什么区别？,慢阻肺和肺气肿是什么关系,0
肺气肿,慢阻肺与肺气肿这两种疾病有什么区别？,慢阻肺与肺气肿两种疾病怎样区别？,1
肺气肿,慢阻肺与肺气肿这两种疾病有什么区别？,慢阻肺与肺气肿如何区别？,1
肺气肿,慢阻肺与肺气肿这两种疾病有什么区别？,慢阻肺与肺气肿与别的病有关系吗？,0
肺气肿,慢阻肺与肺气肿这两种疾病有什么区别？,慢阻肺与肺气肿怎样吃药？,0
肺气肿,慢阻肺与肺气肿这两种疾病有什么区别？,慢阻肺与肺气肿吃感冒药行吗？,0
肺气肿,肺气肿戒烟还会继续发展哇？,肺气肿戒烟发展吗,1
肺气肿,肺气肿戒烟还会继续发展哇？,肺气肿肺大泡戒烟后会发展吗？,1
肺气肿,肺气肿戒烟还会继续发展哇？,肺气肿需要戒烟吗,0
肺气肿,肺气肿戒烟还会继续发展哇？,戒烟一年后肺气肿痊愈吗,0
肺气肿,肺气肿戒烟还会继续发展哇？,肺气肿不戒烟会怎样,0
肺气肿,肺气肿病人经常吸氧好吗?,肺气肿吸氧有什么作用,1
肺气肿,肺气肿病人经常吸氧好吗?,肺气肿吸氧有作用吗？,1
肺气肿,肺气肿病人经常吸氧好吗?,肺气肿用吸氧机几升好,0
肺气肿,肺气肿病人经常吸氧好吗?,肺气肿病人吸氧浓度,0
肺气肿,肺气肿病人经常吸氧好吗?,肺气肿患者吸氧多少合适,0
肺气肿,肺气肿病人经常吸氧好吗?,肺气肿病人吸氧好吗？,1
肺气肿,肺气肿病人经常吸氧好吗?,吸氧对肺气肿好吗？,1
肺气肿,肺气肿病人经常吸氧好吗?,肺气肿病人该如何吸氧？,0
肺气肿,肺气肿病人经常吸氧好吗?,吸氧对肺气肿不好对吗?,0
肺气肿,肺气肿病人经常吸氧好吗?,肺气肿经常吃药吗？,0
肺气肿,请问得了肺气肿在家要注意些什么？,肺气肿要注意些什么,1
肺气肿,请问得了肺气肿在家要注意些什么？,得了肺气肿在家要注意些什么,1
肺气肿,请问得了肺气肿在家要注意些什么？,肺气肿病人可以在家吗,0
肺气肿,请问得了肺气肿在家要注意些什么？,肺气肿病人在家传染吗,0
肺气肿,请问得了肺气肿在家要注意些什么？,肺气肿患者在家可以治愈吗,0
肺气肿,请问得了肺气肿在家要注意些什么？,肺气肿要注意些什么,1
肺气肿,请问得了肺气肿在家要注意些什么？,肺气肿注意事项有哪些,1
肺气肿,请问得了肺气肿在家要注意些什么？,得了肺气肿怎么治疗,0
肺气肿,请问得了肺气肿在家要注意些什么？,肺气肿的病因有哪些,0
肺气肿,请问得了肺气肿在家要注意些什么？,什么是肺气肿,0
肺气肿,肺气肿引发心脏问题能打感冒预防针吗,肺气肿加心脏病可以打感冒预防针吗,1
肺气肿,肺气肿引发心脏问题能打感冒预防针吗,肺气肿引发心脏问题后还能打感冒预防针吗,1
肺气肿,肺气肿引发心脏问题能打感冒预防针吗,肺气肿会引发心脏问题吗,0
肺气肿,肺气肿引发心脏问题能打感冒预防针吗,肺气肿打感冒预防针会不会引发心脏问题,0
肺气肿,肺气肿引发心脏问题能打感冒预防针吗,肺气肿病人感冒预防针可以吗,0
肺气肿,肺气肿引发心脏问题能打感冒预防针吗,打感冒预防针对肺气肿引发的心脏问题有影响吗？,1
肺气肿,肺气肿引发心脏问题能打感冒预防针吗,肺气肿引发心脏问题打感冒预防针会加速病情恶化吗,1
肺气肿,肺气肿引发心脏问题能打感冒预防针吗,为什么肺气肿会引起心脏病,0
肺气肿,肺气肿引发心脏问题能打感冒预防针吗,肺气肿引起的心脏衰竭怎么办,0
肺气肿,肺气肿引发心脏问题能打感冒预防针吗,肺气肿还容易引起心脏病吗？,0
肺气肿,慢性肺气肿为什么会突然转成急性肺气肿？,慢性肺气肿怎么就转成急性肺气肿了,1
肺气肿,慢性肺气肿为什么会突然转成急性肺气肿？,慢性肺气肿转成急性肺气肿，为什么,1
肺气肿,慢性肺气肿为什么会突然转成急性肺气肿？,慢性肺气肿和急性肺气肿的关系是什么,0
肺气肿,慢性肺气肿为什么会突然转成急性肺气肿？,慢性肺气肿会导致急性肺气肿吗,0
肺气肿,慢性肺气肿为什么会突然转成急性肺气肿？,慢性肺气肿和急性肺气肿能治愈吗,0
肺气肿,请问肺气肿复发怎么办？,肺气肿反反复复怎么办?？,1
肺气肿,请问肺气肿复发怎么办？,中隔肺气肿一直反反复复，请问如何彻底治疗？,1
肺气肿,请问肺气肿复发怎么办？,气管炎肺气肿反反复复发作会发展成肺结核吗,0
肺气肿,请问肺气肿复发怎么办？,肺气肿的病会反复的发生吗？,0
肺气肿,请问肺气肿复发怎么办？,秋天肺气肿容易复发吗？,0
肺气肿,请问肺气肿复发怎么办？,肺气肿反反复复怎么办?,1
肺气肿,请问肺气肿复发怎么办？,肺气肿反复发作怎么治疗,1
肺气肿,请问肺气肿复发怎么办？,肺气肿反复发作会怎么样呢？,0
肺气肿,请问肺气肿复发怎么办？,肺气肿为什么会反复发作？,0
肺气肿,请问肺气肿复发怎么办？,肺气肿患者 肺气肿反复发作平时该怎么预防啊？,0
肺气肿,身患结核病肠跟组肺气肿吃什么食物好？,身患结核病肠组肺气肿怎么吃食物好？,1
肺气肿,身患结核病肠跟组肺气肿吃什么食物好？,身患结核病肠组肺气肿那种食物更好？,1
肺气肿,身患结核病肠跟组肺气肿吃什么食物好？,身患结核病肠组肺气肿食物配什么吃好？,0
肺气肿,身患结核病肠跟组肺气肿吃什么食物好？,身患结核病肠组肺气肿不能跑步？,0
肺气肿,身患结核病肠跟组肺气肿吃什么食物好？,身患结核病肠组肺气肿不能吃咸菜？,0
肺气肿,堵塞性肺气肿和肺大泡怎么治疗？,堵塞性肺气肿和肺大泡如何治疗？,1
肺气肿,堵塞性肺气肿和肺大泡怎么治疗？,堵塞性肺气肿和肺大泡去医院看行吗？,1
肺气肿,堵塞性肺气肿和肺大泡怎么治疗？,堵塞性肺气肿和肺大泡吃点什么呢？,0
肺气肿,堵塞性肺气肿和肺大泡怎么治疗？,堵塞性肺气肿和肺大泡喝点开水行吗？,0
肺气肿,堵塞性肺气肿和肺大泡怎么治疗？,堵塞性肺气肿和肺大泡去大街上溜达？,0
肺气肿,请问肺气肿是不是喝橄榄油好？,喝橄榄油能治疗肺气肿吗,1
肺气肿,请问肺气肿是不是喝橄榄油好？,请问肺气肿是不是喝橄榄油，对病人有好处？,1
肺气肿,请问肺气肿是不是喝橄榄油好？,肺气肿能吃橄榄油吗？,0
肺气肿,请问肺气肿是不是喝橄榄油好？,请问肺气肿是一种严重的疾病吗？,0
肺气肿,请问肺气肿是不是喝橄榄油好？,肺气肿是常见的一种病吗,0
肺气肿,肺气肿晚期应用什么药医治,肺气肿晚期能服用哪种药治好？,1
肺气肿,肺气肿晚期应用什么药医治,肺气肿晚期适宜用什么药来治疗？,1
肺气肿,肺气肿晚期应用什么药医治,肺气肿吃什么中药可缓解病情？,0
肺气肿,肺气肿晚期应用什么药医治,什么茶可缓解肺气肿?,0
肺气肿,肺气肿晚期应用什么药医治,得肺气肿，按什么穴道可缓解？,0
肺气肿,肺气肿晚期应用什么药医治,肺气肿晚期该用什么药进行治疗？,1
肺气肿,肺气肿晚期应用什么药医治,请问晚期肺气肿治疗可用哪些药物？,1
肺气肿,肺气肿晚期应用什么药医治,肺气肿晚期症状是什么?,0
肺气肿,肺气肿晚期应用什么药医治,肺气肿晚期能治疗吗？,0
肺气肿,肺气肿晚期应用什么药医治,肺气肿晚期传染吗？,0
肺气肿,肺气肿肺大泡肝上还有个囊肿严重吗？,肺气肿肺大泡肝上还有个囊肿是否严重？,1
肺气肿,肺气肿肺大泡肝上还有个囊肿严重吗？,肺气肿肺大泡肝上有个囊肿严不严重？,1
肺气肿,肺气肿肺大泡肝上还有个囊肿严重吗？,肺气肿肺大泡肝是指什么？,0
肺气肿,肺气肿肺大泡肝上还有个囊肿严重吗？,肺气肿肺大泡肝上还有个囊肿怎么治？,0
肺气肿,肺气肿肺大泡肝上还有个囊肿严重吗？,肺气肿肺大泡肝有哪些症状？,0
肺气肿,肺气肿的诊断标准是什么?,肺气肿的诊断标准包括哪些？,1
肺气肿,肺气肿的诊断标准是什么?,肺气肿诊断标准都有哪些？,1
肺气肿,肺气肿的诊断标准是什么?,支气管炎、肺气肿、慢阻肺如何规范治疗？,0
肺气肿,肺气肿的诊断标准是什么?,慢阻肺的分级标准有哪些？,0
肺气肿,肺气肿的诊断标准是什么?,CT是检查肺气肿的不标准吗？,0
肺气肿,治疗急性肺气肿的办法？,治疗急性肺气肿的办法有哪些？,1
肺气肿,治疗急性肺气肿的办法？,有什么办法可以治疗急性肺气肿？,1
肺气肿,治疗急性肺气肿的办法？,急性肺气肿严重吗？,0
肺气肿,治疗急性肺气肿的办法？,急性肺气肿有什么症状？,0
肺气肿,治疗急性肺气肿的办法？,什么会造成急性肺气肿？,0
肺气肿,心肌梗死肺气肿怎么办？,肺气肿引发心肌梗怎么办？,1
肺气肿,心肌梗死肺气肿怎么办？,肺气肿造成心肌梗如何处理？,1
肺气肿,心肌梗死肺气肿怎么办？,轻微脑梗吃啥药好？,0
肺气肿,心肌梗死肺气肿怎么办？,轻微脑梗是怎么回事？,0
肺气肿,心肌梗死肺气肿怎么办？,怎么预防心肌梗？,0
肺气肿,肺气肿接着抽烟会造成什么后果？,肺气肿接着抽烟会有什么危害？,1
肺气肿,肺气肿接着抽烟会造成什么后果？,肺气肿接着抽烟会导致哪些后果？,1
肺气肿,肺气肿接着抽烟会造成什么后果？,肺气肿不戒烟以后会得肺癌吗？,0
肺气肿,肺气肿接着抽烟会造成什么后果？,肺气肿能抽烟吗？,0
肺气肿,肺气肿接着抽烟会造成什么后果？,肺气肿戒烟酒吗？,0
肺气肿,百禾中药酵素能调理肺气肿吗？,百禾中药酵素能否调理肺气肿？,1
肺气肿,百禾中药酵素能调理肺气肿吗？,百禾中药酵素可以用来调理肺气肿吗？,1
肺气肿,百禾中药酵素能调理肺气肿吗？,百禾中药酵素能治什么病？,0
肺气肿,百禾中药酵素能调理肺气肿吗？,百禾中药酵素治疗肺气肿效果如何？,0
肺气肿,百禾中药酵素能调理肺气肿吗？,百禾中药酵素有没有副作用？,0
肺气肿,肺功能正常能排除肺气肿吗？,肺功能正常，能否排除肺气肿？,1
肺气肿,肺功能正常能排除肺气肿吗？,肺功能正常可不可以排除肺气肿？,1
肺气肿,肺功能正常能排除肺气肿吗？,肺气肿是什么？,0
肺气肿,肺功能正常能排除肺气肿吗？,如何控制肺气肿？,0
肺气肿,肺功能正常能排除肺气肿吗？,肺气肿能不能治愈？,0
肺气肿,肺气肿早期咳嗽不断怎么治?,肺气肿早期咳嗽不断要如何治疗？,1
肺气肿,肺气肿早期咳嗽不断怎么治?,肺气肿早期咳嗽不断该如何是好？,1
肺气肿,肺气肿早期咳嗽不断怎么治?,肺气肿早期有哪些症状？,0
肺气肿,肺气肿早期咳嗽不断怎么治?,肺气肿早期能服用哪些药？,0
肺气肿,肺气肿早期咳嗽不断怎么治?,肺气肿如何预防？,0
肺气肿,肺气肿早期咳嗽不断怎么治?,肺气肿早期咳嗽不断如何治疗？,1
肺气肿,肺气肿早期咳嗽不断怎么治?,肺气肿早期咳嗽不断要怎么治好？,1
肺气肿,肺气肿早期咳嗽不断怎么治?,肺气肿早期有哪些症状？,0
肺气肿,肺气肿早期咳嗽不断怎么治?,肺气肿早期要吃什么药？,0
肺气肿,肺气肿早期咳嗽不断怎么治?,肺气肿如何预防？,0
肺气肿,肺气肿两肺肺大泡怎么治疗,肺气肿伴有两肺肺大泡该如何治疗？,1
肺气肿,肺气肿两肺肺大泡怎么治疗,要怎么医治肺气肿两肺肺大泡？,1
肺气肿,肺气肿两肺肺大泡怎么治疗,肺气肿肺大泡怎么回事？,0
肺气肿,肺气肿两肺肺大泡怎么治疗,肺大泡和肺气肿要紧吗？,0
肺气肿,肺气肿两肺肺大泡怎么治疗,肺大泡和肺气肿的区别是什么？,0
肺气肿,肺气肿咳嗽可以吃三七当归汤吗?,肺气肿咳嗽能不能吃三七当归汤？,1
肺气肿,肺气肿咳嗽可以吃三七当归汤吗?,肺气肿咳嗽是否能食用三七当归汤？,1
肺气肿,肺气肿咳嗽可以吃三七当归汤吗?,三七当归汤有什么功效？,0
肺气肿,肺气肿咳嗽可以吃三七当归汤吗?,肺气肿咳嗽怎么治？,0
肺气肿,肺气肿咳嗽可以吃三七当归汤吗?,肺气肿咳嗽吃什么药效果好？,0
肺气肿,肺气肿有哪些饮食原则？,肺气肿要注意怎样的饮食原则？,1
肺气肿,肺气肿有哪些饮食原则？,肺气肿的饮食原则是什么？,1
肺气肿,肺气肿有哪些饮食原则？,肺气肿有哪些症状？,0
肺气肿,肺气肿有哪些饮食原则？,肺气肿是什么？,0
肺气肿,肺气肿有哪些饮食原则？,肺气肿能吃百合中药酵素吗？,0
肺气肿,什么原因会导致肺气肿？,肺气肿的病因是什么？,1
肺气肿,什么原因会导致肺气肿？,什么原因会引起肺气肿？,1
肺气肿,什么原因会导致肺气肿？,肺气肿有什么症状？,0
肺气肿,什么原因会导致肺气肿？,肺气肿病人要注意什么事项？,0
肺气肿,什么原因会导致肺气肿？,肺气肿能治好吗？,0
肺气肿,肺气肿患者晚期怎么办？,肺气肿晚期患者要怎么治疗？,1
肺气肿,肺气肿患者晚期怎么办？,肺气肿患者晚期如何是好？,1
肺气肿,肺气肿患者晚期怎么办？,肺气肿晚期症状都有什么？,0
肺气肿,肺气肿患者晚期怎么办？,肺气肿患者晚期怎么护理？,0
肺气肿,肺气肿患者晚期怎么办？,晚期肺气肿寿命是多久？,0
肺气肿,肺气肿患者晚期怎么办？,肺气肿患者晚期如何治疗？,1
肺气肿,肺气肿患者晚期怎么办？,肺气肿患者晚期如何是好？,1
肺气肿,肺气肿患者晚期怎么办？,肺气肿患者晚期有哪些症状？,0
肺气肿,肺气肿患者晚期怎么办？,肺气肿患者晚期吃什么药好？,0
肺气肿,肺气肿患者晚期怎么办？,肺气肿患者晚期能根治吗？,0
肺气肿,肺气肿会引起肺衰竭吗？,肺气肿会导致肺衰竭吗？,1
肺气肿,肺气肿会引起肺衰竭吗？,肺气肿会造成肺衰竭吗？,1
肺气肿,肺气肿会引起肺衰竭吗？,肺气肿会有哪些症状？,0
肺气肿,肺气肿会引起肺衰竭吗？,肺气肿会引起脚肿吗？,0
肺气肿,肺气肿会引起肺衰竭吗？,肺气肿会致命吗？,0
肺气肿,严重肺气肿输液用利巴韦林行吗?,严重肺气肿输液能不能用利巴韦林？,1
肺气肿,严重肺气肿输液用利巴韦林行吗?,严重肺气肿输液用利巴韦林可取吗？,1
肺气肿,严重肺气肿输液用利巴韦林行吗?,严重肺气肿还有得治吗？,0
肺气肿,严重肺气肿输液用利巴韦林行吗?,严重肺气肿该怎么治？,0
肺气肿,严重肺气肿输液用利巴韦林行吗?,利巴韦林有副作用吗？,0
肺气肿,肺气肿有急性和慢性之分吗？,肺气肿有没有急性和慢性的分别？,1
肺气肿,肺气肿有急性和慢性之分吗？,肺气肿有急性和慢性的吗？,1
肺气肿,肺气肿有急性和慢性之分吗？,肺气肿有哪些症状？,0
肺气肿,肺气肿有急性和慢性之分吗？,肺气肿病人要注意什么事项？,0
肺气肿,肺气肿有急性和慢性之分吗？,什么会造成急性肺气肿？,0
肺气肿,肺气肿引发心梗怎么办？,肺气肿引发心梗如何是好？,1
肺气肿,肺气肿引发心梗怎么办？,肺气肿造成心梗怎么治疗？,1
肺气肿,肺气肿引发心梗怎么办？,脑梗死怎么办？,0
肺气肿,肺气肿引发心梗怎么办？,多发性脑梗塞怎么办？,0
肺气肿,肺气肿引发心梗怎么办？,肺气肿能治好吗？,0
肺气肿,肺气肿可服用哪些药物？,肺气肿可以吃什么药进行治疗？,1
肺气肿,肺气肿可服用哪些药物？,有哪些能治疗肺气肿的药物?,1
肺气肿,肺气肿可服用哪些药物？,肺气肿能治好吗？,0
肺气肿,肺气肿可服用哪些药物？,肺气肿能吃什么食物？,0
肺气肿,肺气肿可服用哪些药物？,肺气肿不能吃什么？,0
肺气肿,肺气肿应怎样保养应吃些什么？,肺气肿要如何保养，吃什么好？,1
肺气肿,肺气肿应怎样保养应吃些什么？,肺气肿应该怎么保养吃些什么好？,1
肺气肿,肺气肿应怎样保养应吃些什么？,肺气肿怎么治疗？,0
肺气肿,肺气肿应怎样保养应吃些什么？,慢阻肺，肺气肿秋季如何保养？,0
肺气肿,肺气肿应怎样保养应吃些什么？,肺气肿保养是否能保持肺功能不严重退化？,0
肺气肿,感冒.咳嗽会引起肺气肿吗？,感冒后经常咳嗽会引起肺气肿吗？,1
肺气肿,感冒.咳嗽会引起肺气肿吗？,感冒后咳嗽会导致肺气肿吗？,1
肺气肿,感冒.咳嗽会引起肺气肿吗？,咳嗽引起的肺气肿能治好吗？,0
肺气肿,感冒.咳嗽会引起肺气肿吗？,什么原因会引起孩子肺气肿？,0
肺气肿,感冒.咳嗽会引起肺气肿吗？,孩子得了肺气肿后会不会治愈？,0
肺气肿,肺气肿这病在家做氧疗有效果吗？,肺气肿病人在家做氧疗有没有效果？,1
肺气肿,肺气肿这病在家做氧疗有效果吗？,肺气肿病人在家做氧疗管用吗？,1
肺气肿,肺气肿这病在家做氧疗有效果吗？,肺气肿是很严重的病吗？,0
肺气肿,肺气肿这病在家做氧疗有效果吗？,本人有肺气肿病，要怎样治疗？,0
肺气肿,肺气肿这病在家做氧疗有效果吗？,肺心病和肺气肿有什么区别？,0
肺气肿,慢性肺气肿如何正确氧疗？,慢性肺气肿该怎么正确氧疗？,1
肺气肿,慢性肺气肿如何正确氧疗？,慢性肺气肿要怎样氧疗正确？,1
肺气肿,慢性肺气肿如何正确氧疗？,慢性阻塞性肺气肿的症状是什么？,0
肺气肿,慢性肺气肿如何正确氧疗？,阻塞性肺气肿怎样治疗？,0
肺气肿,慢性肺气肿如何正确氧疗？,慢性肺气肿严重吗？,0
肺气肿,肺气肿的并发症对身体有什么危害？,肺气肿的并发症对身体有哪些伤害？,1
肺气肿,肺气肿的并发症对身体有什么危害？,肺气肿的并发症对身体怎样的危害？,1
肺气肿,肺气肿的并发症对身体有什么危害？,肺气肿的并发症有哪些症状？,0
肺气肿,肺气肿的并发症对身体有什么危害？,肺气肿的并发症能治好吗？,0
肺气肿,肺气肿的并发症对身体有什么危害？,肺气肿的并发症是什么？,0
肺气肿,肺气肿x线是什么意思？,x线肺气肿是怎么回事？,1
肺气肿,肺气肿x线是什么意思？,肺气肿x线指什么？,1
肺气肿,肺气肿x线是什么意思？,肺气肿的x线表现有哪些？,0
肺气肿,肺气肿x线是什么意思？,X线可以确诊肺气肿吗？,0
肺气肿,肺气肿x线是什么意思？,为什么肺气肿要做胸部X线检查？,0
肺气肿,肺气肿需要做哪些检查?,肺气肿的检查项目有哪些？,1
肺气肿,肺气肿需要做哪些检查?,肺气肿患者需要做什么检查？,1
肺气肿,肺气肿需要做哪些检查?,检查有轻微的肺气肿要怎治疗呀？,0
肺气肿,肺气肿需要做哪些检查?,肺气肿是怎么检查的？,0
肺气肿,肺气肿需要做哪些检查?,肺气肿需不需要做心电图检查？,0
肺气肿,早期肺气肿该注意什么？,早期肺气肿有什么注意事项？,1
肺气肿,早期肺气肿该注意什么？,肺气肿初期要注意哪些？,1
肺气肿,早期肺气肿该注意什么？,早期肺气肿有什么症状？,0
肺气肿,早期肺气肿该注意什么？,早期肺气肿怎么治？,0
肺气肿,早期肺气肿该注意什么？,早期肺气肿怎么食疗？,0
肺气肿,肺气肿感染需要怎么治疗严重吗？,肺气肿感染要如何治疗很严重吗？,1
肺气肿,肺气肿感染需要怎么治疗严重吗？,肺气肿感染要怎样治疗严不严重？,1
肺气肿,肺气肿感染需要怎么治疗严重吗？,肺部感染，需要住院治疗么？,0
肺气肿,肺气肿感染需要怎么治疗严重吗？,高烧胸口疼肺部感染吐血能治疗好吗？,0
肺气肿,肺气肿感染需要怎么治疗严重吗？,肺气肿感染有什么症状？,0
肺气肿,怎样分辩肺气肿早中晚期?,怎样辨别肺气肿早中晚期？,1
肺气肿,怎样分辩肺气肿早中晚期?,肺气肿早中晚期要如何分辨？,1
肺气肿,怎样分辩肺气肿早中晚期?,肺气肿早期有哪些症状？,0
肺气肿,怎样分辩肺气肿早中晚期?,肺气肿早中晚期有什么要注意的？,0
肺气肿,怎样分辩肺气肿早中晚期?,肺气肿是什么？,0
肺气肿,得了肺气肿的人能活多久？,得了肺气肿能存活多久？,1
肺气肿,得了肺气肿的人能活多久？,得了肺气肿的人有多少寿命？,1
肺气肿,得了肺气肿的人能活多久？,什么样人得肺气肿？,0
肺气肿,得了肺气肿的人能活多久？,肺气肿的人吃什么最补？,0
肺气肿,得了肺气肿的人能活多久？,有肺气肿的人能不能买健康险？,0
肺气肿,并泡性肺气肿吃什么药好呢？,并泡性肺气肿该吃什么药效果好？,1
肺气肿,并泡性肺气肿吃什么药好呢？,并泡性肺气肿要吃啥药比较好？,1
肺气肿,并泡性肺气肿吃什么药好呢？,并泡性肺气肿是什么？,0
肺气肿,并泡性肺气肿吃什么药好呢？,并泡性肺气肿有哪些症状？,0
肺气肿,并泡性肺气肿吃什么药好呢？,并泡性肺气肿要注意什么？,0
肺气肿,肺气肿的死亡率高不高?,肺气肿的死亡率高吗？,1
肺气肿,肺气肿的死亡率高不高?,肺气肿的死亡几率大不大？,1
肺气肿,肺气肿的死亡率高不高?,什么是肺气肿疾病啊？,0
肺气肿,肺气肿的死亡率高不高?,得了肺气肿还能活多久？,0
肺气肿,肺气肿的死亡率高不高?,肺气肿病人要注意什么事项？,0
肺气肿,肺气肿影像报告怎么写？,肺气肿影像报告该如何写？,1
肺气肿,肺气肿影像报告怎么写？,肺气肿影像报告应该咋写？,1
肺气肿,肺气肿影像报告怎么写？,肺气肿影像报告有什么内容？,0
肺气肿,肺气肿影像报告怎么写？,肺气肿是什么？,0
肺气肿,肺气肿影像报告怎么写？,肺气肿病人要注意什么事项？,0
肺炎,防新型冠状肺炎戴哪种口罩,新冠肺炎带什么口罩比较合适,1
肺炎,防新型冠状肺炎戴哪种口罩,哪种口罩能有效预防新冠肺炎,1
肺炎,防新型冠状肺炎戴哪种口罩,做冠状动脉造影手术肺炎没有治愈可以做吗？,0
肺炎,防新型冠状肺炎戴哪种口罩,拍片，右上肺感染，主动脉及冠状动脉硬化，是不是肺炎,0
肺炎,防新型冠状肺炎戴哪种口罩,咳嗽，高烧不退 肺炎，局部纤维索条，右冠状动脉钙化斑肺炎发烧快一个月无改善。,0
肺炎,新型肺炎去医院做什么检查,肺炎去医院做什么检查,1
肺炎,新型肺炎去医院做什么检查,肺炎应该做什么检查？,1
肺炎,新型肺炎去医院做什么检查,我检查出了肺炎，这是什么意思呢？,0
肺炎,新型肺炎去医院做什么检查,儿童检查说是肺炎，怎么办？,0
肺炎,新型肺炎去医院做什么检查,高考体检能检查有无肺炎吗？,0
肺炎,怎样预防别人肺炎传染自己,病毒性肺炎会传染么？要怎么预防啊？,1
肺炎,怎样预防别人肺炎传染自己,如何预防肺炎传染自己,1
肺炎,怎样预防别人肺炎传染自己,肺炎会传染吧？,0
肺炎,怎样预防别人肺炎传染自己,肺炎会传染人吗？,0
肺炎,怎样预防别人肺炎传染自己,肺炎是否会传染？,0
肺炎,防控肺炎父母不听劝怎么办,预防肺炎父母不听怎么办,1
肺炎,防控肺炎父母不听劝怎么办,防控肺炎家人不听劝,1
肺炎,防控肺炎父母不听劝怎么办,新生儿肺炎父母不给看望怎么办？,0
肺炎,防控肺炎父母不听劝怎么办,肺炎的孩子，父母多注意什么？,0
肺炎,防控肺炎父母不听劝怎么办,小儿支气管肺炎父母怎么办？,0
肺炎,新型冠状病毒感染的肺炎口罩,新冠肺炎带什么口罩比较合适,1
肺炎,新型冠状病毒感染的肺炎口罩,哪种口罩能有效预防新冠肺炎,1
肺炎,新型冠状病毒感染的肺炎口罩,人冠状病毒感染的症状表现是什么,0
肺炎,新型冠状病毒感染的肺炎口罩,人冠状病毒感染怎么办,0
肺炎,新型冠状病毒感染的肺炎口罩,冠状病毒的症状？,0
肺炎,武汉冠状病毒感染性肺炎的症状有哪些症状,冠状病毒感染的症状有哪些？,1
肺炎,武汉冠状病毒感染性肺炎的症状有哪些症状,人冠状病毒感染的症状表现是什么,1
肺炎,武汉冠状病毒感染性肺炎的症状有哪些症状,人冠状病毒感染怎么办,0
肺炎,武汉冠状病毒感染性肺炎的症状有哪些症状,感染冠状病毒的潜伏期是多长？,0
肺炎,武汉冠状病毒感染性肺炎的症状有哪些症状,怎么治疗人冠状病毒感染,0
肺炎,2020年新型肺炎症状,肺炎的症状有哪些？,1
肺炎,2020年新型肺炎症状,肺炎的主要症状,1
肺炎,2020年新型肺炎症状,肺炎的中医治疗？,0
肺炎,2020年新型肺炎症状,轻度肺炎的症状有哪些？,0
肺炎,2020年新型肺炎症状,治疗肺炎的药？,0
肺炎,不明原因肺炎诊断要同时具备哪些条件,不明肺炎诊断的条件,1
肺炎,不明原因肺炎诊断要同时具备哪些条件,不明原因肺炎的诊断条件,1
肺炎,不明原因肺炎诊断要同时具备哪些条件,肺炎以及不明是否有败血症,0
肺炎,不明原因肺炎诊断要同时具备哪些条件,咳嗽多日检查有肺炎右肺肿大有不明物是什,0
肺炎,不明原因肺炎诊断要同时具备哪些条件,不明小儿肺炎支原体阳性,0
肺炎,新型冠状病毒性肺炎症状,病毒性肺炎症状,1
肺炎,新型冠状病毒性肺炎症状,肺炎的症状有哪些？,1
肺炎,新型冠状病毒性肺炎症状,最新指南病毒性肺炎首选药是什么啊？,0
肺炎,新型冠状病毒性肺炎症状,病毒性肺炎吃什么药好,0
肺炎,新型冠状病毒性肺炎症状,间质性肺炎哪治的好？,0
肺炎,武汉不明原因肺炎潜伏期多久,不明肺炎的潜伏期多长,1
肺炎,武汉不明原因肺炎潜伏期多久,武汉肺炎的潜伏期有多久,1
肺炎,武汉不明原因肺炎潜伏期多久,不明原因肺炎的潜伏期特征,0
肺炎,武汉不明原因肺炎潜伏期多久,不明原因肺炎特征,0
肺炎,武汉不明原因肺炎潜伏期多久,武汉不明原因肺炎症状,0
肺炎,什么叫输入性新型冠状肺炎,输入性新型肺炎是什么,1
肺炎,什么叫输入性新型冠状肺炎,输入性新型冠状肺炎是什么,1
肺炎,什么叫输入性新型冠状肺炎,新型冠状肺炎的症状,0
肺炎,什么叫输入性新型冠状肺炎,新型冠状肺炎的潜伏期,0
肺炎,什么叫输入性新型冠状肺炎,新型冠状肺炎的治疗,0
肺炎,做什么检查确诊新型肺炎,查肺炎做什么检查,1
肺炎,做什么检查确诊新型肺炎,怀疑肺炎做什么检查,1
肺炎,做什么检查确诊新型肺炎,我检查出了肺炎，这是什么意思呢？,0
肺炎,做什么检查确诊新型肺炎,儿童检查说是肺炎，怎么办？,0
肺炎,做什么检查确诊新型肺炎,医生今天去检查，说是肺炎，需要住院治疗，怎么办？,0
肺炎,新型冠状病毒感染的肺炎有哪些症状,人冠状病毒感染的症状表现是什么,1
肺炎,新型冠状病毒感染的肺炎有哪些症状,冠状病毒的症状,1
肺炎,新型冠状病毒感染的肺炎有哪些症状,感染冠状病毒的潜伏期是多长？,0
肺炎,新型冠状病毒感染的肺炎有哪些症状,人冠状病毒感染的病因是什么,0
肺炎,新型冠状病毒感染的肺炎有哪些症状,人冠状病毒感染是什么病,0
肺炎,如何确认新型冠状性肺炎,如何确诊新型冠状肺炎,1
肺炎,如何确认新型冠状性肺炎,新型冠状肺炎的确认,1
肺炎,如何确认新型冠状性肺炎,做冠状动脉造影手术肺炎没有治愈可以做吗？,0
肺炎,如何确认新型冠状性肺炎,下肺炎症，冠状动脉粥样硬化,0
肺炎,如何确认新型冠状性肺炎,拍片，右上肺感染，主动脉及冠状动脉硬化，是不是肺炎,0
肺炎,新型冠状肺炎体温多少度,新型冠状肺炎的体温,1
肺炎,新型冠状肺炎体温多少度,新型冠状病毒的温度,1
肺炎,新型冠状肺炎体温多少度,肺炎，体温忽上忽下，不稳定,0
肺炎,新型冠状肺炎体温多少度,肺炎会造成体温低吗？,0
肺炎,新型冠状肺炎体温多少度,肺炎治疗后体温37度正常吗,0
肺炎,冠状病毒肺炎 血液检查,病毒性肺炎怎么通过血液检查出？,1
肺炎,冠状病毒肺炎 血液检查,抽血可以检查出肺炎吗,1
肺炎,冠状病毒肺炎 血液检查,血常规检查结果怎么样证明是肺炎,0
肺炎,冠状病毒肺炎 血液检查,肺炎支原体抽血检查能确诊吗,0
肺炎,冠状病毒肺炎 血液检查,做血常规能检查出肺炎吗,0
肺炎,武汉不明原因肺炎的症状有哪些症状,肺炎的症状有哪些？,1
肺炎,武汉不明原因肺炎的症状有哪些症状,不明原因肺炎的症状,1
肺炎,武汉不明原因肺炎的症状有哪些症状,不明原因肺炎的潜伏期特征,0
肺炎,武汉不明原因肺炎的症状有哪些症状,不明原因肺炎的潜伏期多久,0
肺炎,武汉不明原因肺炎的症状有哪些症状,不明原因肺炎的治疗方法,0
肺炎,武汉肺炎什么原因引起的,武汉肺炎的病因,1
肺炎,武汉肺炎什么原因引起的,不明原因肺炎的病因,1
肺炎,武汉肺炎什么原因引起的,新型支原体肺炎疫苗,0
肺炎,武汉肺炎什么原因引起的,新型隐球菌肺炎 新型隐球菌肺炎咨询,0
肺炎,武汉肺炎什么原因引起的,新型隐球菌血症，卡式肺孢子菌肺炎复合感染 侵袭性真菌菌血症,0
肺炎,全国新型肺炎实时动态症状,新型肺炎的症状,1
肺炎,全国新型肺炎实时动态症状,新型冠状病毒的肺炎的症状,1
肺炎,全国新型肺炎实时动态症状,我前天做了检查医生当时看了实时ct说我很轻微的肺炎,0
肺炎,全国新型肺炎实时动态症状,新型肺炎的潜伏期,0
肺炎,全国新型肺炎实时动态症状,新型肺炎的治疗方法,0
肺炎,新型冠状病毒肺炎传播途径,肺炎的传播途径？,1
肺炎,新型冠状病毒肺炎传播途径,肺炎传染途径,1
肺炎,新型冠状病毒肺炎传播途径,肺炎会传染吧？,0
肺炎,新型冠状病毒肺炎传播途径,肺炎会传染人吗,0
肺炎,新型冠状病毒肺炎传播途径,肺炎是否会传染,0
肺炎,新型冠状肺炎咳嗽有痰吗,新型冠状病毒咳痰吗,1
肺炎,新型冠状肺炎咳嗽有痰吗,新型冠状病毒咳嗽咳痰吗,1
肺炎,新型冠状肺炎咳嗽有痰吗,咳嗽咳的肺炎？,0
肺炎,新型冠状肺炎咳嗽有痰吗,咳嗽会咳成肺炎吗,0
肺炎,新型冠状肺炎咳嗽有痰吗,肺炎痰多咳不出来?,0
肺炎,咳嗽会是新冠肺炎疫情吗,咳嗽是新冠肺炎吗,1
肺炎,咳嗽会是新冠肺炎疫情吗,咳嗽是新型冠状病毒肺炎吗,1
肺炎,咳嗽会是新冠肺炎疫情吗,感冒咳嗽转肺炎，吃什么药,0
肺炎,咳嗽会是新冠肺炎疫情吗,宝宝咳嗽老不好，会是肺炎吗？肺炎的话光喝药是不是不容易好？,0
肺炎,咳嗽会是新冠肺炎疫情吗,感冒为什么会咳嗽,0
肺炎,新型肺炎乙类传染潜伏期,新型肺炎潜伏期,1
肺炎,新型肺炎乙类传染潜伏期,新型肺炎的潜伏期多久,1
肺炎,新型肺炎乙类传染潜伏期,肺炎会传染吧？,0
肺炎,新型肺炎乙类传染潜伏期,肺炎会传染人吗,0
肺炎,新型肺炎乙类传染潜伏期,大叶性肺炎传染吗？,0
肺炎,新型冠状肺炎发热多少度,新型肺炎体温多少,1
肺炎,新型冠状肺炎发热多少度,新型冠状病毒肺炎体温发热多少,1
肺炎,新型冠状肺炎发热多少度,肺炎已退烧又发烧怎么办？,0
肺炎,新型冠状肺炎发热多少度,肺炎后高烧怎么办,0
肺炎,新型冠状肺炎发热多少度,打肺炎疫苗后发烧怎么办？,0
肺炎,冠状病毒感染性肺炎来源,新型冠状病毒肺炎来源,1
肺炎,冠状病毒感染性肺炎来源,新型冠状病毒肺炎病因,1
肺炎,冠状病毒感染性肺炎来源,冠状病毒感染肺炎吗,0
肺炎,冠状病毒感染性肺炎来源,冠状病毒感染肺炎症状,0
肺炎,冠状病毒感染性肺炎来源,冠状病毒的肺炎治疗,0
肺炎,2019年新型肺炎症状,新型肺炎的症状,1
肺炎,2019年新型肺炎症状,新型冠状病毒肺炎的症状,1
肺炎,2019年新型肺炎症状,新型肺炎症状的潜伏期,0
肺炎,2019年新型肺炎症状,新型冠状病毒的治疗,0
肺炎,2019年新型肺炎症状,新型肺炎咳嗽吗,0
肺炎,带什么样的口罩防止肺炎病菌,肺炎病毒带什么口罩比较合适,1
肺炎,带什么样的口罩防止肺炎病菌,预防肺炎病菌带什么口罩,1
肺炎,带什么样的口罩防止肺炎病菌,细菌性肺炎的症状,0
肺炎,带什么样的口罩防止肺炎病菌,细菌性肺炎是什么,0
肺炎,带什么样的口罩防止肺炎病菌,肺炎链病菌是什么？,0
肺炎,冠状病毒感染性肺炎潜伏期,冠状病毒肺炎潜伏期,1
肺炎,冠状病毒感染性肺炎潜伏期,冠状病毒肺炎的潜伏期多久,1
肺炎,冠状病毒感染性肺炎潜伏期,冠状病毒感染肺炎吗,0
肺炎,冠状病毒感染性肺炎潜伏期,冠状病毒肺炎的特征,0
肺炎,冠状病毒感染性肺炎潜伏期,如何防止冠状病毒的肺炎,0
肺炎,新型冠状病毒感染性肺炎的症状有哪些症状,冠状病毒感染的症状有哪些？,1
肺炎,新型冠状病毒感染性肺炎的症状有哪些症状,人冠状病毒感染的症状表现是什么,1
肺炎,新型冠状病毒感染性肺炎的症状有哪些症状,感染冠状病毒的潜伏期是多长？,0
肺炎,新型冠状病毒感染性肺炎的症状有哪些症状,人冠状病毒感染怎么办,0
肺炎,新型冠状病毒感染性肺炎的症状有哪些症状,新型冠状病毒肺炎的潜伏期多久,0
肺炎,新型冠状病毒感染的肺炎有哪些症状?,冠状病毒感染的症状有哪些？,1
肺炎,新型冠状病毒感染的肺炎有哪些症状?,冠状病毒的症状有哪些？,1
肺炎,新型冠状病毒感染的肺炎有哪些症状?,感染冠状病毒的潜伏期是多长？,0
肺炎,新型冠状病毒感染的肺炎有哪些症状?,人冠状病毒感染怎么办,0
肺炎,新型冠状病毒感染的肺炎有哪些症状?,新型冠状病毒的肺炎治疗,0
肺炎,肺炎病毒在空气中存活多久,肺炎病毒空气存活时间,1
肺炎,肺炎病毒在空气中存活多久,在空气中肺炎病毒能存活多久,1
肺炎,肺炎病毒在空气中存活多久,病毒性肺炎多久能好,0
肺炎,肺炎病毒在空气中存活多久,病毒性肺炎症状,0
肺炎,肺炎病毒在空气中存活多久,病毒型肺炎的症状是什么？,0
肺炎,新型冠状肺炎发烧多少度,肺炎发烧多少度,1
肺炎,新型冠状肺炎发烧多少度,肺炎一般发烧多少度,1
肺炎,新型冠状肺炎发烧多少度,肺炎、发热、怎么办,0
肺炎,新型冠状肺炎发烧多少度,肺炎已退烧又发烧怎么办？,0
肺炎,新型冠状肺炎发烧多少度,肺炎后高烧怎么办,0
肺炎,新型冠状病毒肺炎的特征,肺炎的症状有哪些？,1
肺炎,新型冠状病毒肺炎的特征,肺炎的主要症状,1
肺炎,新型冠状病毒肺炎的特征,治疗肺炎的药？,0
肺炎,新型冠状病毒肺炎的特征,肺炎的中医治疗？,0
肺炎,新型冠状病毒肺炎的特征,肺炎的症状及治疗是怎样的？,0
肺炎,新型冠状感染肺炎潜伏期,新型冠状肺炎潜伏期多久,1
肺炎,新型冠状感染肺炎潜伏期,新型肺炎的潜伏期,1
肺炎,新型冠状感染肺炎潜伏期,新型冠状病毒肺炎的症状,0
肺炎,新型冠状感染肺炎潜伏期,新型肺炎的治疗,0
肺炎,新型冠状感染肺炎潜伏期,新型肺炎的症状是什么,0
肺炎,新型冠状肺炎潜伏期症状,新型肺炎的潜伏期症状有哪些？,1
肺炎,新型冠状肺炎潜伏期症状,新型肺炎的潜伏期主要症状,1
肺炎,新型冠状肺炎潜伏期症状,新型冠状肺炎潜伏期多久,0
肺炎,新型冠状肺炎潜伏期症状,新型冠状肺炎的症状有哪些,0
肺炎,新型冠状肺炎潜伏期症状,新型肺炎的治疗方法,0
肺炎,新型冠状病毒感染的肺炎症状,冠状病毒感染的症状有哪些？,1
肺炎,新型冠状病毒感染的肺炎症状,冠状病毒的症状,1
肺炎,新型冠状病毒感染的肺炎症状,感染冠状病毒的潜伏期是多长？,0
肺炎,新型冠状病毒感染的肺炎症状,人冠状病毒感染怎么办,0
肺炎,新型冠状病毒感染的肺炎症状,人会感染冠状病毒吗？,0
肺炎,武汉肺炎是什么原因引起的?,新型肺炎是什么原因引起的,1
肺炎,武汉肺炎是什么原因引起的?,新型肺炎的病因有哪些,1
肺炎,武汉肺炎是什么原因引起的?,新型支原体肺炎疫苗,0
肺炎,武汉肺炎是什么原因引起的?,新型隐球菌肺炎新型隐球菌肺炎咨询,0
肺炎,武汉肺炎是什么原因引起的?,新型隐球菌血症，卡式肺孢子菌肺炎复合感染侵袭性真菌菌血症,0
肺炎,新型肺炎确诊病例首现9个月婴儿,新型肺炎确诊婴儿,1
肺炎,新型肺炎确诊病例首现9个月婴儿,新型肺炎感染9个月婴儿,1
肺炎,新型肺炎确诊病例首现9个月婴儿,求助新生儿肺炎治疗,0
肺炎,新型肺炎确诊病例首现9个月婴儿,婴儿肺炎，怎么办？,0
肺炎,新型肺炎确诊病例首现9个月婴儿,两个月大婴儿得了肺炎怎么办,0
肺炎,新型冠状病毒感染的肺炎是什么症状,人冠状病毒感染的症状表现是什么,1
肺炎,新型冠状病毒感染的肺炎是什么症状,冠状病毒感染的症状有哪些？,1
肺炎,新型冠状病毒感染的肺炎是什么症状,感染冠状病毒的潜伏期是多长？,0
肺炎,新型冠状病毒感染的肺炎是什么症状,人冠状病毒感染是什么病,0
肺炎,新型冠状病毒感染的肺炎是什么症状,人会感染冠状病毒吗？,0
肺炎,新型肺炎危重症患者三大特征,新型肺炎患者特征,1
肺炎,新型肺炎危重症患者三大特征,新型冠状病毒肺炎患者症状特征,1
肺炎,新型肺炎危重症患者三大特征,新型支原体肺炎疫苗,0
肺炎,新型肺炎危重症患者三大特征,新型隐球菌肺炎 新型隐球菌肺炎咨询,0
肺炎,新型肺炎危重症患者三大特征,新型隐球菌血症，卡式肺孢子菌肺炎复合感染 侵袭性真菌菌血症,0
肺炎,冠状病毒肺炎的起因是什么,新型肺炎的病因有哪些,1
肺炎,冠状病毒肺炎的起因是什么,新型肺炎是什么原因引起的,1
肺炎,冠状病毒肺炎的起因是什么,军团病肺炎的症状是什么,0
肺炎,冠状病毒肺炎的起因是什么,肺炎的症状有哪些？,0
肺炎,冠状病毒肺炎的起因是什么,肺炎的症状及治疗是怎样的？,0
肺炎,发热咳嗽非新冠肺炎唯一首发症状,发热咳嗽不是新型肺炎的首发症状,1
肺炎,发热咳嗽非新冠肺炎唯一首发症状,咳嗽发热不是新型冠状病毒肺炎的第一症状,1
肺炎,发热咳嗽非新冠肺炎唯一首发症状,发热，咳嗽还肺炎,0
肺炎,发热咳嗽非新冠肺炎唯一首发症状,咳嗽发热检查说是肺炎,0
肺炎,发热咳嗽非新冠肺炎唯一首发症状,咳嗽，发热是肺炎的表现吗,0
肺炎,新冠肺炎进入第二波流行上升期,新型肺炎第二次流行上升时期,1
肺炎,新冠肺炎进入第二波流行上升期,新型肺炎进入第二次流行上升期,1
肺炎,新冠肺炎进入第二波流行上升期,肺炎表现是怎样的,0
肺炎,新冠肺炎进入第二波流行上升期,这样是肺炎吗？,0
肺炎,新冠肺炎进入第二波流行上升期,我这个肺炎严重吗？,0
肺炎,新型肺炎存在人传人现象,新型肺炎存在人传人现象吗,1
肺炎,新型肺炎存在人传人现象,新型肺炎会人传人吗？,1
肺炎,新型肺炎存在人传人现象,新型肺炎严重嘛？,0
肺炎,新型肺炎存在人传人现象,新型肺炎能治愈嘛？,0
肺炎,新型肺炎存在人传人现象,新型肺炎怎么治疗,0
肺炎,感冒肺炎，住院三天医生说可以出院,感冒肺炎，住院三天医生说已经可以出院了,1
肺炎,感冒肺炎，住院三天医生说可以出院,感冒肺炎，住院三天医生说能出院,1
肺炎,感冒肺炎，住院三天医生说可以出院,感冒肺炎，住院三天医生医生说已经好了,0
肺炎,感冒肺炎，住院三天医生说可以出院,感冒肺炎，住院三天医生说出院需要注意饮食,0
肺炎,感冒肺炎，住院三天医生说可以出院,感冒肺炎，住院三天医生说出院后不要去人群密集的地方,0
肺炎,空气加湿器会引起肺炎吗,空气加湿器会导致起肺炎吗,1
肺炎,空气加湿器会引起肺炎吗,空气加湿器会不会引起肺炎,1
肺炎,空气加湿器会引起肺炎吗,肺炎患者可以使用空气加湿器吗？,0
肺炎,空气加湿器会引起肺炎吗,空气加湿器会引起支气管肺炎吗,0
肺炎,空气加湿器会引起肺炎吗,空气加湿器会引起什么后果,0
肺炎,肺炎早上起来咳血怎么办,肺炎早上起来咳血怎么治疗？,1
肺炎,肺炎早上起来咳血怎么办,肺炎早上起来咳血如何治疗,1
肺炎,肺炎早上起来咳血怎么办,感冒引起肺炎现在早上起来咳血特别厉害咋办,0
肺炎,肺炎早上起来咳血怎么办,肺炎早上起床咳血这是为什么？,0
肺炎,肺炎早上起来咳血怎么办,肺炎相关 早上起来咳血痰,0
肺炎,肺炎反复发烧8天怎么办,肺炎反复发烧8天如何治疗,1
肺炎,肺炎反复发烧8天怎么办,肺炎反复发烧8天怎么治疗,1
肺炎,肺炎反复发烧8天怎么办,大人肺炎反复发烧几天正常,0
肺炎,肺炎反复发烧8天怎么办,病毒感冒反复发烧8天怎么办,0
肺炎,肺炎反复发烧8天怎么办,肺炎发烧反复一般几天好？,0
肺炎,宝宝得肺炎的症状有哪些,宝宝肺炎的症状都有哪些,1
肺炎,宝宝得肺炎的症状有哪些,婴儿肺炎的症状有哪些？,1
肺炎,宝宝得肺炎的症状有哪些,40多天婴儿肺炎症状有哪些,0
肺炎,宝宝得肺炎的症状有哪些,小孩肺炎的症状有哪些,0
肺炎,宝宝得肺炎的症状有哪些,一个月宝宝肺炎症状有哪些,0
肺炎,2岁多小孩肺炎疫苗有必要打吗,两岁的小孩要不要打肺炎预防针？,1
肺炎,2岁多小孩肺炎疫苗有必要打吗,两岁的小孩有必要打肺炎疫苗嘛？,1
肺炎,2岁多小孩肺炎疫苗有必要打吗,7价肺炎疫苗2岁以下的儿童一定要打吗?不打有什么影响吗?和23价的相比哪个更好?,0
肺炎,2岁多小孩肺炎疫苗有必要打吗,2岁多小孩肺炎疫苗打了又什么好处,0
肺炎,2岁多小孩肺炎疫苗有必要打吗,2岁多小孩肺炎疫苗打了还会得肺炎嘛,0
肺炎,肺炎咳嗽的症状是什么?,肺炎的咳嗽症状是什么样子的？,1
肺炎,肺炎咳嗽的症状是什么?,肺炎咳嗽又什么症状？,1
肺炎,肺炎咳嗽的症状是什么?,咳嗽到肺炎的症状是什么？,0
肺炎,肺炎咳嗽的症状是什么?,小孩咳嗽成肺炎的症状是什么？,0
肺炎,肺炎咳嗽的症状是什么?,呛咳性肺炎的症状是什么？,0
肺炎,新生儿先天性喉喘鸣怎么治疗,婴儿先天性喉喘鸣怎样治疗,1
肺炎,新生儿先天性喉喘鸣怎么治疗,新生儿先天性喉喘鸣怎么办？,1
肺炎,新生儿先天性喉喘鸣怎么治疗,先天性漏斗胸和喉喘鸣 4个月婴儿有先天性漏斗胸和喉喘鸣应该怎么...,0
肺炎,新生儿先天性喉喘鸣怎么治疗,婴儿先天喉喘鸣好治吗,0
肺炎,新生儿先天性喉喘鸣怎么治疗,新生儿先天性喉喘鸣治得好吗？,0
肺炎,氟康唑胶囊是使用剂量是多少,氟康唑胶囊使用剂量多少一次？,1
肺炎,氟康唑胶囊是使用剂量是多少,氟康唑胶囊是使用控制在多少剂量?,1
肺炎,氟康唑胶囊是使用剂量是多少,氟康唑胶囊的用法和用量是多少？用药多久可以同房？,0
肺炎,氟康唑胶囊是使用剂量是多少,氟康唑胶囊，五个月用量能吃多少？,0
肺炎,氟康唑胶囊是使用剂量是多少,氟康唑胶囊是使用剂量多了怎么办？,0
肺炎,氟康唑胶囊的注意事项有哪些,逸舒氟康唑胶囊的注意事项是什么,1
肺炎,氟康唑胶囊的注意事项有哪些,服用氟康唑胶囊需要注意的事项有哪些,1
肺炎,氟康唑胶囊的注意事项有哪些,服用氟康唑胶囊后服用药物期间有哪些注意事项呢,0
肺炎,氟康唑胶囊的注意事项有哪些,氟康唑胶囊的服用剂量是多少呢？,0
肺炎,氟康唑胶囊的注意事项有哪些,氟康唑胶囊的功能有哪些呢？,0
肺炎,阿奇霉素片注意事项有哪些,服用阿奇霉素片注意事项有哪些,1
肺炎,阿奇霉素片注意事项有哪些,服用阿奇霉素片有哪些注意事项,1
肺炎,阿奇霉素片注意事项有哪些,阿奇霉素片得功效怎么样,0
肺炎,阿奇霉素片注意事项有哪些,阿奇霉素片能治疗哪些病？,0
肺炎,阿奇霉素片注意事项有哪些,阿奇霉素片用法用量？,0
肺炎,2岁孩子肺炎需要治疗多久,2岁孩子肺炎治好要多久,1
肺炎,2岁孩子肺炎需要治疗多久,2岁孩子肺炎治愈需要多久,1
肺炎,2岁孩子肺炎需要治疗多久,2岁宝宝支气管肺炎需要治疗多久,0
肺炎,2岁孩子肺炎需要治疗多久,2岁宝宝肺炎怎么治疗最好,0
肺炎,2岁孩子肺炎需要治疗多久,2岁孩子肺炎怎么治疗,0
肺炎,怎样确定孩子有没有得肺炎,如何判断宝宝有没有得肺炎,1
肺炎,怎样确定孩子有没有得肺炎,怎样知道宝宝有没有得肺炎,1
肺炎,怎样确定孩子有没有得肺炎,怎么判断宝宝肺炎好了没有,0
肺炎,怎样确定孩子有没有得肺炎,请问您3个月宝宝如何判断有没有肺炎？,0
肺炎,怎样确定孩子有没有得肺炎,宝宝肺炎有没有自愈,0
肺炎,感冒咳嗽会引起肺炎吗？,感冒咳嗽会不会引起肺炎呢？,1
肺炎,感冒咳嗽会引起肺炎吗？,感冒咳嗽会不会咳成肺炎？,1
肺炎,感冒咳嗽会引起肺炎吗？,感冒一直咳嗽会是肺炎吗？,0
肺炎,感冒咳嗽会引起肺炎吗？,小孩感冒咳嗽会引起肺炎吗,0
肺炎,感冒咳嗽会引起肺炎吗？,宝宝感冒咳嗽会引起肺炎吗？,0
肺炎,小孩子常用阿奇霉素有什么副作用,小孩子常用阿奇霉素有什么不良反应？,1
肺炎,小孩子常用阿奇霉素有什么副作用,小孩子常用阿奇霉素有会导致什么后果？,1
肺炎,小孩子常用阿奇霉素有什么副作用,小孩子常用阿奇霉素好不好？,0
肺炎,小孩子常用阿奇霉素有什么副作用,小孩子常用阿奇霉素能增强抵抗力吗,0
肺炎,小孩子常用阿奇霉素有什么副作用,小孩子常用阿奇霉素身体会产生抗体吗？,0
肺炎,孩子3岁肺炎咳嗽怎么办啊,三岁宝宝肺炎咳嗽怎么办？,1
肺炎,孩子3岁肺炎咳嗽怎么办啊,3岁多宝宝肺炎支原体感染咳嗽怎么办,1
肺炎,孩子3岁肺炎咳嗽怎么办啊,3岁宝宝肺炎发烧咳嗽怎么办,0
肺炎,孩子3岁肺炎咳嗽怎么办啊,3岁孩子肺炎反复发烧还咳嗽怎么办,0
肺炎,孩子3岁肺炎咳嗽怎么办啊,小孩3岁肺炎有10天啦还是咳嗽，怎么办？,0
肺炎,喝过啤酒还能吃阿奇霉素片吗,喝过啤酒还能不能吃阿奇霉素片,1
肺炎,喝过啤酒还能吃阿奇霉素片吗,喝过啤酒还可以吃阿奇霉素片吗,1
肺炎,喝过啤酒还能吃阿奇霉素片吗,昨晚喝半罐啤酒，今天可以吃阿奇霉素分散片,0
肺炎,喝过啤酒还能吃阿奇霉素片吗,吃阿奇霉素分散片能喝啤酒吗,0
肺炎,喝过啤酒还能吃阿奇霉素片吗,喝过啤酒吃阿奇霉素片有什么后果?,0
肺炎,肺炎的孩子应该怎么饮食呢,肺炎的孩子要咋饮食,1
肺炎,肺炎的孩子应该怎么饮食呢,孩子肺炎了该怎么饮食呢？,1
肺炎,肺炎的孩子应该怎么饮食呢,肺炎的孩子饮食该怎么调理？,0
肺炎,肺炎的孩子应该怎么饮食呢,孩子肺炎饮食要怎么办？,0
肺炎,肺炎的孩子应该怎么饮食呢,患有肺炎的儿童饮食怎么调理,0
肺炎,打七价肺炎疫苗后孩子得了肺炎,打七价肺炎疫苗后孩子得了肺炎怎么办,1
肺炎,打七价肺炎疫苗后孩子得了肺炎,打七价肺炎疫苗后孩子得了肺炎怎么处理,1
肺炎,打七价肺炎疫苗后孩子得了肺炎,宝宝打7价肺炎疫苗后低烧怎么办,0
肺炎,打七价肺炎疫苗后孩子得了肺炎,宝宝肺炎出院后可以注射7价肺炎疫苗吗？接种时间怎样安排？,0
肺炎,打七价肺炎疫苗后孩子得了肺炎,为何打了7价肺炎的疫苗，宝宝身上起大片红,0
肺炎,肺炎大概要治疗多久才能好,肺炎一般要治多久才可以好,1
肺炎,肺炎大概要治疗多久才能好,肺炎一般要治疗多长时间才好,1
肺炎,肺炎大概要治疗多久才能好,支气管肺炎 肺炎治疗一般需要多长时间才能好,0
肺炎,肺炎大概要治疗多久才能好,小儿肺炎大概多久治好？,0
肺炎,肺炎大概要治疗多久才能好,肺炎一般要多少治疗费啊怎么要好长时间啊,0
肺炎,肺炎出院后可以适当运动吗？比如打乒乓球,肺炎出院后能适当运动吗？比如打乒乓球,1
肺炎,肺炎出院后可以适当运动吗？比如打乒乓球,肺炎出院后可不可以适当运动，比如打乒乓球,1
肺炎,肺炎出院后可以适当运动吗？比如打乒乓球,肺炎出院后能适当运动吗？比如跑步,0
肺炎,肺炎出院后可以适当运动吗？比如打乒乓球,肺炎出院后能适当运动吗？比如打篮球,0
肺炎,肺炎出院后可以适当运动吗？比如打乒乓球,肺炎出院后能适当运动吗？比如打羽毛球,0
肺炎,我家宝宝总是咳嗽，该怎么办呢？,小宝宝咳嗽老不好怎么办？,1
肺炎,我家宝宝总是咳嗽，该怎么办呢？,小孩子经常咳嗽怎么办？,1
肺炎,我家宝宝总是咳嗽，该怎么办呢？,我家宝宝总是咳嗽，还发烧，怎么办？,0
肺炎,我家宝宝总是咳嗽，该怎么办呢？,宝宝老是干咳，怎么办,0
肺炎,我家宝宝总是咳嗽，该怎么办呢？,我家宝宝总是咳嗽，还厌食，怎么办？,0
肺炎,肺炎反复发烧是怎么回事,肺炎反复发烧是什么原因引起的,1
肺炎,肺炎反复发烧是怎么回事,肺炎反复发烧是什么导致的？,1
肺炎,肺炎反复发烧是怎么回事,肺炎反复发烧怎么办？,0
肺炎,肺炎反复发烧是怎么回事,肺炎反复发烧怎么办这两天一直发烧？,0
肺炎,肺炎反复发烧是怎么回事,小儿肺炎反复发烧是怎么回事,0
肺炎,阿奇霉素片是饭前吃还是饭后吃,阿奇霉素分散片饭前吃还是饭后吃好？,1
肺炎,阿奇霉素片是饭前吃还是饭后吃,阿奇霉素片什么时候吃好?,1
肺炎,阿奇霉素片是饭前吃还是饭后吃,阿奇霉素片是饭前吃可以吗？,0
肺炎,阿奇霉素片是饭前吃还是饭后吃,阿奇霉素片是饭后吃可以吗？,0
肺炎,阿奇霉素片是饭前吃还是饭后吃,阿奇霉素片可以空腹吃吗,0
肺炎,宝宝五个月的时候得了肺炎，咳嗽,宝宝五个月大，咳嗽又有肺炎怎么办,1
肺炎,宝宝五个月的时候得了肺炎，咳嗽,五个月宝宝支气管肺炎咳嗽怎么治疗,1
肺炎,宝宝五个月的时候得了肺炎，咳嗽,五个月宝宝咳嗽成肺炎的前兆,0
肺炎,宝宝五个月的时候得了肺炎，咳嗽,五个月宝宝咳嗽干呕会是肺炎吗？,0
肺炎,宝宝五个月的时候得了肺炎，咳嗽,五个月宝宝咳嗽三天会不会是新型肺炎,0
肺炎,服用替硝唑片需要注意什么?,服用替硝唑片时应该注意些什么呢,1
肺炎,服用替硝唑片需要注意什么?,请问一下服用替硝唑片时应该注意些什么呢,1
肺炎,服用替硝唑片需要注意什么?,服用替硝唑片时该注意什么呢效果是怎样啊,0
肺炎,服用替硝唑片需要注意什么?,替硝唑片用法用量是什么呢?,0
肺炎,服用替硝唑片需要注意什么?,服用替硝唑片会不会产生不良反应?,0
肺炎,只垂性肺炎的治疗方法有哪些？,有哪些方法可以治疗只垂性肺炎,1
肺炎,只垂性肺炎的治疗方法有哪些？,只垂性肺炎的治疗方法有哪几种？,1
肺炎,只垂性肺炎的治疗方法有哪些？,只垂性肺炎的治疗方法靠谱吗？,0
肺炎,只垂性肺炎的治疗方法有哪些？,只垂性肺炎能治好吗？,0
肺炎,只垂性肺炎的治疗方法有哪些？,只垂性肺炎该如何治疗？,0
肺炎,小孩得了肺炎要怎么办呢？,小孩子得了肺炎怎么办呢,1
肺炎,小孩得了肺炎要怎么办呢？,孩子患了肺炎要怎么办呢？,1
肺炎,小孩得了肺炎要怎么办呢？,小孩得了肺炎能治好吗？,0
肺炎,小孩得了肺炎要怎么办呢？,小孩得了肺炎会对身体产生什么影响？,0
肺炎,小孩得了肺炎要怎么办呢？,小孩得了肺炎会一直咳嗽吗,0
肺炎,大叶肺炎必须输够两个疗程吗,大叶肺炎必须要输够两个疗程吗,1
肺炎,大叶肺炎必须输够两个疗程吗,大叶肺炎一定要输够两个疗程吗,1
肺炎,大叶肺炎必须输够两个疗程吗,大叶肺炎输够两个疗程能好吗？,0
肺炎,大叶肺炎必须输够两个疗程吗,大叶肺炎输够两个疗程能痊愈吗？,0
肺炎,大叶肺炎必须输够两个疗程吗,大叶肺炎输够两个疗程还需要继续吗？,0
肺炎,胸部喝水疼，是不是肺炎，跟咽喉炎有关系,胸部喝水疼，会不会是肺炎，跟咽喉炎有关系,1
肺炎,胸部喝水疼，是不是肺炎，跟咽喉炎有关系,胸部喝水疼，可能是肺炎，跟咽喉炎有关系,1
肺炎,胸部喝水疼，是不是肺炎，跟咽喉炎有关系,胸部喝水疼，是不是肺炎，要怎么办？,0
肺炎,胸部喝水疼，是不是肺炎，跟咽喉炎有关系,胸部喝水疼，是不是肺炎，吃什么药好,0
肺炎,胸部喝水疼，是不是肺炎，跟咽喉炎有关系,胸部喝水疼，是不是肺炎，要不要住院？,0
肺炎,长期卧床的病人如何预防坠积性肺炎？,长期卧床的病人怎样预防坠积性肺炎？,1
肺炎,长期卧床的病人如何预防坠积性肺炎？,长期卧床的病人预防坠积性肺炎的办法？,1
肺炎,长期卧床的病人如何预防坠积性肺炎？,长期卧床的病人会得坠积性肺炎？,0
肺炎,长期卧床的病人如何预防坠积性肺炎？,长期卧床的病人会不会得坠积性肺炎？,0
肺炎,长期卧床的病人如何预防坠积性肺炎？,长期卧床的病人得坠积性肺炎几率高吗？,0
肺炎,肺炎早期的症状有哪些症状,肺炎初期症状有什么,1
肺炎,肺炎早期的症状有哪些症状,肺炎早期症状有哪些,1
肺炎,肺炎早期的症状有哪些症状,幼儿肺炎初期症状有哪些？,0
肺炎,肺炎早期的症状有哪些症状,小儿肺炎早期的表现有哪些,0
肺炎,肺炎早期的症状有哪些症状,肺炎中期的症状有哪些症状,0
肺炎,维宏阿奇霉素片一天几片,维宏阿奇霉素片用量是多少？,1
肺炎,维宏阿奇霉素片一天几片,维宏阿奇霉素片一天最多吃几片,1
肺炎,维宏阿奇霉素片一天几片,维宏阿奇霉素片一天吃10片可以吗？,0
肺炎,维宏阿奇霉素片一天几片,维宏阿奇霉素的一天顿服下6片有危险吗,0
肺炎,维宏阿奇霉素片一天几片,维宏阿奇霉素片一天太多有什么副作用？,0
肺炎,依托红霉素片治疗肺炎链球菌吗,依托红霉素片能否治疗肺炎链球菌,1
肺炎,依托红霉素片治疗肺炎链球菌吗,依托红霉素片能不能治疗肺炎链球菌,1
肺炎,依托红霉素片治疗肺炎链球菌吗,依托红霉素片治疗什么病症,0
肺炎,依托红霉素片治疗肺炎链球菌吗,依托红霉素片功效是什么,0
肺炎,依托红霉素片治疗肺炎链球菌吗,依托红霉素片一次剂量是多少,0
肺炎,婴儿肺炎什么症状？？？,婴儿肺炎的症状是什么？,1
肺炎,婴儿肺炎什么症状？？？,婴儿肺炎有何症状?,1
肺炎,婴儿肺炎什么症状？？？,新生儿肺炎症状有哪些?,0
肺炎,婴儿肺炎什么症状？？？,如何判断婴儿肺炎症状？,0
肺炎,婴儿肺炎什么症状？？？,婴儿肺炎症状怎么预防,0
肺炎,咳嗽多久会引起肺炎呀？,咳嗽多长时间会引起肺炎呀?,1
肺炎,咳嗽多久会引起肺炎呀？,咳嗽时间多久会引起肺炎呀？,1
肺炎,咳嗽多久会引起肺炎呀？,宝宝感冒咳嗽会引起肺炎吗?,0
肺炎,咳嗽多久会引起肺炎呀？,咳嗽时间长会引起肺炎吗,0
肺炎,咳嗽多久会引起肺炎呀？,咳嗽会引起肺炎吗？,0
肺炎,3个月宝肺炎恢复期咳嗽怎么办,3个月宝肺炎恢复期咳嗽怎么处理,1
肺炎,3个月宝肺炎恢复期咳嗽怎么办,3个月宝肺炎恢复期咳嗽如何处理,1
肺炎,3个月宝肺炎恢复期咳嗽怎么办,3个月宝肺炎恢复期咳嗽严重吗？,0
肺炎,3个月宝肺炎恢复期咳嗽怎么办,个月宝肺炎恢复期咳嗽我也不知道怎么办才好要不要去看医生,0
肺炎,3个月宝肺炎恢复期咳嗽怎么办,3个月宝肺炎恢复期咳嗽会复发吗？,0
肺炎,肺炎的症状有哪些症状？,肺炎的症状有哪些,1
肺炎,肺炎的症状有哪些症状？,肺炎的症状有哪些临床表现？,1
肺炎,肺炎的症状有哪些症状？,新冠性肺炎的症状有哪些症状,0
肺炎,肺炎的症状有哪些症状？,冠状肺炎的症状有哪些症状,0
肺炎,肺炎的症状有哪些症状？,冠状病毒肺炎的症状有哪些症状,0
肺炎,肺炎的症状有哪些症状？,小孩肺炎的早期症状有哪些?,1
肺炎,肺炎的症状有哪些症状？,肺炎有哪些症状?,1
肺炎,肺炎的症状有哪些症状？,非典型肺炎有哪些症状?,0
肺炎,肺炎的症状有哪些症状？,肺炎有哪些类别?,0
肺炎,肺炎的症状有哪些症状？,肺炎有哪些后遗症?,0
肺炎,你好，月经期间能吃替硝唑片吗,你好，月经期间可以吃替硝唑片吗,1
肺炎,你好，月经期间能吃替硝唑片吗,你好，月经期间能可不可以吃替硝唑片,1
肺炎,你好，月经期间能吃替硝唑片吗,你好，月经期间能吃替硝唑片有什么危害,0
肺炎,你好，月经期间能吃替硝唑片吗,你好，月经期间能吃替硝唑片对人什么影响,0
肺炎,你好，月经期间能吃替硝唑片吗,你好，月经期间能吃替硝唑片会导致什么后果,0
肺炎,咳嗽造成肺炎正在打针能吃清蒸螃蟹吗,咳嗽造成肺炎正在打针可以吃清蒸螃蟹吗,1
肺炎,咳嗽造成肺炎正在打针能吃清蒸螃蟹吗,咳嗽造成肺炎正在打针能不能吃清蒸螃蟹,1
肺炎,咳嗽造成肺炎正在打针能吃清蒸螃蟹吗,咳嗽造成肺炎正在打针吃清蒸螃蟹有什么后果,0
肺炎,咳嗽造成肺炎正在打针能吃清蒸螃蟹吗,咳嗽造成肺炎正在打针吃清蒸螃蟹对病情有影响吗,0
肺炎,咳嗽造成肺炎正在打针能吃清蒸螃蟹吗,咳嗽造成肺炎正在打针吃清蒸螃蟹会不会加重咳嗽,0
肺炎,长时间发烧会引起肺炎吗,感冒发烧时间长了会烧出肺炎吗？,1
肺炎,长时间发烧会引起肺炎吗,长时间发烧会导致肺炎吗,1
肺炎,长时间发烧会引起肺炎吗,长时间发烧会怎么样？,0
肺炎,长时间发烧会引起肺炎吗,长时间发烧会对大脑有什么影响？,0
肺炎,长时间发烧会引起肺炎吗,长时间发烧怎么办,0
肺炎,咳嗽久了是不是会患肺炎？,咳嗽时间长了会引起肺炎吗,1
肺炎,咳嗽久了是不是会患肺炎？,咳嗽久了会成肺炎吗,1
肺炎,咳嗽久了是不是会患肺炎？,小孩咳嗽久了是不是会肺炎？,0
肺炎,咳嗽久了是不是会患肺炎？,宝宝咳嗽久了会成肺炎吗,0
肺炎,咳嗽久了是不是会患肺炎？,小孩咳嗽久了是不是就会引发肺炎,0
肺炎,哺乳期肺炎要怎么办呢？,哺乳期得了肺炎怎么办？,1
肺炎,哺乳期肺炎要怎么办呢？,哺乳期肺炎如何治疗？,1
肺炎,哺乳期肺炎要怎么办呢？,哺乳期肺炎怎么办啊?可以继续哺乳吗?,0
肺炎,哺乳期肺炎要怎么办呢？,哺乳期肺炎怎么办？怎么能不影响孩子吃奶,0
肺炎,哺乳期肺炎要怎么办呢？,哺乳期产妇得了病毒性感冒怎么办？,0
肺炎,请问肺炎是怎样引起的？,肺炎是怎么引起的肺炎是怎么引起的,1
肺炎,请问肺炎是怎样引起的？,请问肺炎是什么导致的的？,1
肺炎,请问肺炎是怎样引起的？,请问肺炎有什么症状,0
肺炎,请问肺炎是怎样引起的？,请问肺炎该吃什么药,0
肺炎,请问肺炎是怎样引起的？,请问肺炎如何治疗,0
肺炎,请问肺炎是怎样引起的？,肺炎是什么引起的,1
肺炎,请问肺炎是怎样引起的？,肺炎的发病原因有哪些,1
肺炎,请问肺炎是怎样引起的？,肺炎患者饮食要注意什么,0
肺炎,请问肺炎是怎样引起的？,肺炎怎样自我预防,0
肺炎,请问肺炎是怎样引起的？,肺炎多久能康复,0
肺炎,小孩经常咳嗽是什么原因引起的,小孩子经常咳嗽是什么原因？,1
肺炎,小孩经常咳嗽是什么原因引起的,小孩子总是咳嗽是什么原因,1
肺炎,小孩经常咳嗽是什么原因引起的,小孩长期咳嗽半年是什么原因引起的？,0
肺炎,小孩经常咳嗽是什么原因引起的,孩子老是干咳什么原因？,0
肺炎,小孩经常咳嗽是什么原因引起的,小孩长期咳嗽不好，是什么原因引起的,0
肺炎,肺炎链球菌疫苗要打吗?,肺炎链球菌疫苗有必要打吗,1
肺炎,肺炎链球菌疫苗要打吗?,肺炎链球菌疫苗是否有必要打？,1
肺炎,肺炎链球菌疫苗要打吗?,宝宝的肺炎刚好，肺炎链球菌的疫苗还需要打吗？,0
肺炎,肺炎链球菌疫苗要打吗?,宝宝该打肺炎链球菌疫苗吗,0
肺炎,肺炎链球菌疫苗要打吗?,肺炎链球菌疫苗打了有什么用,0
肺炎,肺炎支原体抗体阳性怎么治疗？,肺炎支原体抗体阳性怎么办？,1
肺炎,肺炎支原体抗体阳性怎么治疗？,肺炎支原体抗体阳性要怎么治疗,1
肺炎,肺炎支原体抗体阳性怎么治疗？,肺炎支原体抗体阳性需要治疗多久,0
肺炎,肺炎支原体抗体阳性怎么治疗？,肺炎支原体抗体阳性能治好吗,0
肺炎,肺炎支原体抗体阳性怎么治疗？,小儿肺炎支原体抗体阳性怎么治疗?,0
肺炎,利巴韦林颗粒三个月小孩子有肺炎可以用不,利巴韦林颗粒三个月小孩子有肺炎可以使用吗？,1
肺炎,利巴韦林颗粒三个月小孩子有肺炎可以用不,三个月小孩子有肺炎可以用利巴韦林颗粒吗？,1
肺炎,利巴韦林颗粒三个月小孩子有肺炎可以用不,利巴韦林颗粒适用什么人群,0
肺炎,利巴韦林颗粒三个月小孩子有肺炎可以用不,利巴韦林颗粒能治疗什么疾病？,0
肺炎,利巴韦林颗粒三个月小孩子有肺炎可以用不,利巴韦林颗粒有什么功效？,0
肺炎,肺炎后背疼痛是什么原因？,肺炎后背疼怎么回事儿?,1
肺炎,肺炎后背疼痛是什么原因？,肺炎后背疼痛是为什么？,1
肺炎,肺炎后背疼痛是什么原因？,肺炎咳嗽后背部疼痛是什么原因？,0
肺炎,肺炎后背疼痛是什么原因？,肺炎治疗一星期后后背疼是什么原因？,0
肺炎,肺炎后背疼痛是什么原因？,后背疼是肺炎的症状吗,0
肺炎,出生后感染肺炎是什么病,出生后感染肺炎属于什么病,1
肺炎,出生后感染肺炎是什么病,出生后感染肺炎是哪种病,1
肺炎,出生后感染肺炎是什么病,出生后感染肺炎严重吗,0
肺炎,出生后感染肺炎是什么病,出生后感染肺炎能治疗吗？,0
肺炎,出生后感染肺炎是什么病,出生后感染性肺炎的病原有哪些,0
肺炎,"宝宝一周岁了老是反复发烧,咳嗽",一岁宝宝老生病反复咳嗽发烧怎么办,1
肺炎,"宝宝一周岁了老是反复发烧,咳嗽",1岁宝宝反复发烧咳嗽如何护理,1
肺炎,"宝宝一周岁了老是反复发烧,咳嗽",3岁宝宝反复发烧咳嗽怎么回事,0
肺炎,"宝宝一周岁了老是反复发烧,咳嗽",宝宝4岁反复发烧咳嗽咋办,0
肺炎,"宝宝一周岁了老是反复发烧,咳嗽",1岁宝宝为什么反复发烧和咳嗽,0
肺炎,小孩子只咳嗽不发烧也会引起肺炎吗,小孩子只咳嗽不发烧也会导致肺炎吗,1
肺炎,小孩子只咳嗽不发烧也会引起肺炎吗,小孩子只咳嗽不发烧会不会引起肺炎,1
肺炎,小孩子只咳嗽不发烧也会引起肺炎吗,婴儿咳嗽但不发烧会不会得肺炎,0
肺炎,小孩子只咳嗽不发烧也会引起肺炎吗,小孩咳嗽不发烧会是肺炎吗,0
肺炎,小孩子只咳嗽不发烧也会引起肺炎吗,只咳嗽不发烧会得肺炎吗？,0
肺炎,孩子肺炎怎么治疗好得快一点,孩子肺炎怎么治疗好得迅速一点?,1
肺炎,孩子肺炎怎么治疗好得快一点,孩子肺炎怎么治疗能快速好起来,1
肺炎,孩子肺炎怎么治疗好得快一点,宝宝肺炎有点喘怎么办,0
肺炎,孩子肺炎怎么治疗好得快一点,小孩有点肺炎怎么办,0
肺炎,孩子肺炎怎么治疗好得快一点,"一岁宝宝有点肺炎,怎么办呢",0
肺炎,孩子肺炎怎么治疗好得快一点,孩子得了肺炎要怎么治疗好？,1
肺炎,孩子肺炎怎么治疗好得快一点,怎样治疗孩子肺炎好的快,1
肺炎,孩子肺炎怎么治疗好得快一点,小孩子肺炎症状有哪些？,0
肺炎,孩子肺炎怎么治疗好得快一点,小孩子如何预防肺炎？,0
肺炎,孩子肺炎怎么治疗好得快一点,宝宝肺炎不能吃什么?,0
肺炎,孩子肺炎怎么治疗好得快一点,孩子得了肺炎，快速治疗方法有哪些,1
肺炎,孩子肺炎怎么治疗好得快一点,孩子的肺炎怎么治疗效果更好,1
肺炎,孩子肺炎怎么治疗好得快一点,孩子肺炎怎么用药,0
肺炎,孩子肺炎怎么治疗好得快一点,孩子肺炎针灸可以吗,0
肺炎,孩子肺炎怎么治疗好得快一点,孩子肺炎应注意什么,0
肺炎,肺炎两个月的宝宝低烧肺炎,肺炎两个月的宝宝低烧肺炎，怎么办呢,1
肺炎,肺炎两个月的宝宝低烧肺炎,肺炎两个月的宝宝低烧肺炎，怎么治疗呢,1
肺炎,肺炎两个月的宝宝低烧肺炎,两个月小孩低烧引发肺炎需要做些什么检查?,0
肺炎,肺炎两个月的宝宝低烧肺炎,病毒感染 低烧两个月宝宝莫名低烧,0
肺炎,肺炎两个月的宝宝低烧肺炎,支气管肺炎 两个月宝宝反复低烧。,0
肺炎,间质性肺炎制不住怎么办,间质性肺炎制不住怎么处理,1
肺炎,间质性肺炎制不住怎么办,间质性肺炎制不住如何处理？,1
肺炎,间质性肺炎制不住怎么办,咳嗽近五个月，间质性肺炎 咳嗽一直控制不住怎么办？,0
肺炎,间质性肺炎制不住怎么办,系统性硬化症，间质性肺炎系统性硬化症控制不住怎么办,0
肺炎,间质性肺炎制不住怎么办,间质性肺炎 发烧和咳嗽控制不住怎么办？,0
肺炎,请问那个氟康唑胶囊吃多了会怎么样？,请问那个氟康唑胶囊吃多了有什么后果？,1
肺炎,请问那个氟康唑胶囊吃多了会怎么样？,请问那个氟康唑胶囊吃多了会是什么样？,1
肺炎,请问那个氟康唑胶囊吃多了会怎么样？,请问那个氟康唑胶囊吃多了怎么办,0
肺炎,请问那个氟康唑胶囊吃多了会怎么样？,请问那个氟康唑胶囊吃多了怎么处理,0
肺炎,请问那个氟康唑胶囊吃多了会怎么样？,请问那个氟康唑胶囊吃多了后果严重吗,0
肺炎,23介肺炎疫苗有必要打吗,23介肺炎疫苗是不是需要打,1
肺炎,23介肺炎疫苗有必要打吗,23介肺炎疫苗有一定要打吗,1
肺炎,23介肺炎疫苗有必要打吗,23介肺炎疫苗打了会怎样,0
肺炎,23介肺炎疫苗有必要打吗,23介肺炎疫苗打了有什么好处吗,0
肺炎,23介肺炎疫苗有必要打吗,23介肺炎疫苗打了还会得肺炎吗？,0
肺炎,23介肺炎疫苗有必要打吗,23介肺炎疫苗有没有打的必要？,1
肺炎,23介肺炎疫苗有必要打吗,打23介肺炎疫苗有什么好处,1
肺炎,23介肺炎疫苗有必要打吗,永城市接种肺炎疫苗哪个医院好？,0
肺炎,23介肺炎疫苗有必要打吗,仁寿县接种肺炎疫苗哪个医院好？,0
肺炎,23介肺炎疫苗有必要打吗,邻水县治疗肺炎哪个医院好？,0
肺炎,严重的慢性肺炎会传染吗?,严重的慢性肺炎会不会传染?,1
肺炎,严重的慢性肺炎会传染吗?,严重的慢性肺炎能不能传染吗?,1
肺炎,严重的慢性肺炎会传染吗?,严重的慢性肺炎传染严重吗？,0
肺炎,严重的慢性肺炎会传染吗?,严重的慢性肺炎传染人吗？,0
肺炎,严重的慢性肺炎会传染吗?,严重的慢性肺炎如何吃药,0
肺炎,严重的慢性肺炎会传染吗?,支气管感染肺炎如何快速好,0
肺炎,严重的慢性肺炎会传染吗?,严重的慢性肺炎有传染性吗,1
肺炎,严重的慢性肺炎会传染吗?,严重的慢性肺炎是不是会传染给家人啊,1
肺炎,严重的慢性肺炎会传染吗?,严重的慢性肺炎的传播途径有哪些啊？,0
肺炎,严重的慢性肺炎会传染吗?,支气管感染肺炎如何快速好,0
肺炎,一岁不到小孩肺炎吃什么食物,一岁不到小孩肺炎吃哪种食物,1
肺炎,一岁不到小孩肺炎吃什么食物,一岁不到小孩肺炎吃食物要注意什么,1
肺炎,一岁不到小孩肺炎吃什么食物,一岁不到小孩肺炎不能吃什么食物,0
肺炎,一岁不到小孩肺炎吃什么食物,一岁不到小孩肺炎饮食需要注意哪些,0
肺炎,一岁不到小孩肺炎吃什么食物,我小孩4岁得肺炎该吃什么食物才好,0
肺炎,一岁不到小孩肺炎吃什么食物,孩子经常性肺炎发烧咳嗽能使用阿奇霉素吗,0
肺炎,肺炎支原体是通过什么传染的?,肺炎支原体是通过哪种途径传染的?,1
肺炎,肺炎支原体是通过什么传染的?,肺炎支原体是通过什么方式传染的?,1
肺炎,肺炎支原体是通过什么传染的?,肺炎支原体感染是什么病,0
肺炎,肺炎支原体是通过什么传染的?,肺炎支原体感染的原因是什么？,0
肺炎,肺炎支原体是通过什么传染的?,肺炎支原体感染是什么意思？,0
肺炎,肺炎支原体是通过什么传染的?,肺炎支原体抗体阳性会传染吗,1
肺炎,肺炎支原体是通过什么传染的?,肺炎支原体有什么后遗症吗？,0
肺炎,肺炎支原体是通过什么传染的?,肺炎支原体抗体传播途径有哪些？,1
肺炎,肺炎支原体是通过什么传染的?,肺炎支原体抗体阳性会传染吗；这是什么病,0
肺炎,肺炎支原体是通过什么传染的?,宠物会传播肺炎支原体抗体吗,0
肺炎,宝宝得肺炎好了后隔离多长时间,宝宝得肺炎好了后需要隔离多长时间,1
肺炎,宝宝得肺炎好了后隔离多长时间,宝宝得肺炎好了后隔离多久,1
肺炎,宝宝得肺炎好了后隔离多长时间,宝宝得肺炎好了需要隔离吗,0
肺炎,宝宝得肺炎好了后隔离多长时间,宝宝得肺炎好了后需要隔离多长时间呢？,0
肺炎,宝宝得肺炎好了后隔离多长时间,宝宝得肺炎好了要如何隔离？,0
肺炎,宝宝得肺炎好了后隔离多长时间,五莲县孩子治疗肺炎哪个医院好？,0
肺炎,宝宝得肺炎好了后隔离多长时间,孩子病毒性肺炎好了后隔离多长时间？,1
肺炎,宝宝得肺炎好了后隔离多长时间,孩子传染性肺炎好了后隔离多长时间？,1
肺炎,宝宝得肺炎好了后隔离多长时间,产碱杆菌肺炎的治疗方法有哪些,0
肺炎,宝宝得肺炎好了后隔离多长时间,42岁我的皮肤发炎医生开的阿奇霉素,0
肺炎,宝宝得肺炎好了后隔离多长时间,吃了替硝唑片后喂孩子对孩子有什么害吗,0
肺炎,小孩肺炎好后咳嗽多长时间能好,小孩肺炎出院后咳嗽多久痊愈?,1
肺炎,小孩肺炎好后咳嗽多长时间能好,小孩肺炎治好后还会咳嗽多长时间,1
肺炎,小孩肺炎好后咳嗽多长时间能好,小儿肺炎退烧后咳嗽要多久？,0
肺炎,小孩肺炎好后咳嗽多长时间能好,孩子肺炎出院后还咳嗽怎么回事？,0
肺炎,小孩肺炎好后咳嗽多长时间能好,小儿肺炎治愈后还咳嗽怎么办？,0
肺炎,小孩肺炎好后咳嗽多长时间能好,涪城区接种肺炎疫苗哪个医院好？,0
肺炎,小孩肺炎好后咳嗽多长时间能好,为什么感冒肺炎会加重心脏负担？,0
肺炎,小孩肺炎好后咳嗽多长时间能好,肺炎能引起胸部大量积液吗？,0
肺炎,小孩肺炎好后咳嗽多长时间能好,6岁孩子肺炎好后咳嗽多长时间能好？,1
肺炎,小孩肺炎好后咳嗽多长时间能好,孩子肺炎好后咳嗽多长时间能好呢?,1
肺炎,小孩抗肺炎支原体抗体lgm阳性怎么办,小孩抗肺炎支原体抗体lgm阳性怎么处理,1
肺炎,小孩抗肺炎支原体抗体lgm阳性怎么办,小孩抗肺炎支原体抗体lgm阳性如何处理,1
肺炎,小孩抗肺炎支原体抗体lgm阳性怎么办,6岁小孩小朋友抗肺炎支原体抗体IgM阳性吃什么药?,0
肺炎,小孩抗肺炎支原体抗体lgm阳性怎么办,小孩抗肺炎支原体抗体lgm阳性吃什么药好得快,0
肺炎,小孩抗肺炎支原体抗体lgm阳性怎么办,小孩抗肺炎支原体抗体lgm阳性严重吗？,0
肺炎,小孩抗肺炎支原体抗体lgm阳性怎么办,产前、产时感染性肺炎的治疗方法有哪些,0
肺炎,小孩抗肺炎支原体抗体lgm阳性怎么办,小孩抗肺炎支原体抗体lgm阳性是得的什么病,1
肺炎,小孩抗肺炎支原体抗体lgm阳性怎么办,肺炎治疗近一个月仍发烧38多怎么办？,0
肺炎,小孩抗肺炎支原体抗体lgm阳性怎么办,重症现在怎么治疗肺炎?,0
肺炎,小孩抗肺炎支原体抗体lgm阳性怎么办,怎样照顾好有肺炎的小孩,0
肺炎,小孩发烧反复不退怎么办,小孩子发烧持续不退怎么办,1
肺炎,小孩发烧反复不退怎么办,小孩子发烧持续不退怎么处理,1
肺炎,小孩发烧反复不退怎么办,小孩发烧反复不退后果严重吗？,0
肺炎,小孩发烧反复不退怎么办,孩子发烧反复不退不知道怎么办才好,0
肺炎,小孩发烧反复不退怎么办,小孩反复高烧不退怎么办？,0
肺炎,小孩发烧反复不退怎么办,我想了解氟康唑片这个药物怎么样,0
肺炎,小孩发烧反复不退怎么办,小孩肛门周围瘙痒可以服用氟康唑胶囊治疗吗,0
肺炎,小孩发烧反复不退怎么办,小孩巴斯德菌肺炎如何诊断检查,0
肺炎,小孩发烧反复不退怎么办,小孩发烧一直不退怎么办？,1
肺炎,小孩发烧反复不退怎么办,小孩高烧反复不退怎么办？,1
肺炎,七价肺炎球菌结合疫苗不打行吗？,七价肺炎球菌结合疫苗可以不打吗？,1
肺炎,七价肺炎球菌结合疫苗不打行吗？,七价肺炎球菌结合疫苗一定要打吗？,1
肺炎,七价肺炎球菌结合疫苗不打行吗？,七价肺炎球菌结合疫苗不打又什么后果？,0
肺炎,七价肺炎球菌结合疫苗不打行吗？,七价肺炎球菌结合疫苗不打会生病吗？,0
肺炎,七价肺炎球菌结合疫苗不打行吗？,打了一针七价肺炎疫苗，第二针不打可以吗？,0
肺炎,感冒引起的肺炎吃什么食物调养好,感冒引起的肺炎吃啥食物调养好,1
肺炎,感冒引起的肺炎吃什么食物调养好,感冒引起的肺炎吃什么调养好？,1
肺炎,感冒引起的肺炎吃什么食物调养好,感冒引起的肺炎吃什么比较好,0
肺炎,感冒引起的肺炎吃什么食物调养好,感冒引起的肺炎饮食需要注意什么,0
肺炎,感冒引起的肺炎吃什么食物调养好,感冒引起的肺炎吃什么药好呢？,0
肺炎,13价肺炎与23价肺炎怎么回事?,23价肺炎和13价肺炎哪个好,0
肺炎,13价肺炎与23价肺炎怎么回事?,13价肺炎与23价肺炎分别是什么,1
肺炎,13价肺炎与23价肺炎怎么回事?,13价肺炎与23价肺炎都是干嘛的,1
肺炎,13价肺炎与23价肺炎怎么回事?,13价肺炎疫苗是不是终身免疫?,0
肺炎,13价肺炎与23价肺炎怎么回事?,7价肺炎和13价肺炎哪个好,0
肺炎,13价肺炎与23价肺炎怎么回事?,13价肺炎和23价肺炎有什么区别,1
肺炎,13价肺炎与23价肺炎怎么回事?,13价肺炎和23价肺炎怎样区分,1
肺炎,13价肺炎与23价肺炎怎么回事?,13价肺炎包含哪些,0
肺炎,13价肺炎与23价肺炎怎么回事?,宝宝发热可以打13价疫苗吗,0
肺炎,13价肺炎与23价肺炎怎么回事?,13价肺炎有副作用吗,0
肺炎,13价肺炎有必要打吗?,邻水县治疗肺炎哪个医院好？,0
肺炎,13价肺炎有必要打吗?,永城市接种13价肺炎疫苗哪个医院好？,0
肺炎,13价肺炎有必要打吗?,13介肺炎疫苗有必要打吗,1
肺炎,13价肺炎有必要打吗?,打13介肺炎疫苗有什么好处吗,1
肺炎,13价肺炎有必要打吗?,13介肺炎疫苗有打的必要吗,1
肺炎,13价肺炎疫苗是不是终身免疫?,宝宝得肺炎的早期症状是什么?,0
肺炎,13价肺炎疫苗是不是终身免疫?,13价肺炎疫苗有效期是多久?,1
肺炎,13价肺炎疫苗是不是终身免疫?,13价肺炎疫苗可以管一辈子吗?,1
肺炎,13价肺炎疫苗是不是终身免疫?,23价肺炎疫苗需要多少钱,0
肺炎,13价肺炎疫苗是不是终身免疫?,23价肺炎疫苗和13价的区别?,0
肺炎,13价肺炎疫苗是不是终身免疫?,13价肺炎疫苗可以免疫多久,1
肺炎,13价肺炎疫苗是不是终身免疫?,13价肺炎疫苗终生有效吗,1
肺炎,13价肺炎疫苗是不是终身免疫?,13价肺炎安全吗,0
肺炎,13价肺炎疫苗是不是终身免疫?,13价肺炎需要打几针,0
肺炎,13价肺炎疫苗是不是终身免疫?,肺炎疫苗什么时候打,0
肺炎,23价肺炎疫苗打后发烧正常吗,23价肺炎疫苗打后咳嗽正常吗,1
肺炎,23价肺炎疫苗打后发烧正常吗,23价肺炎疫苗打后不舒服正常吗,1
肺炎,23价肺炎疫苗打后发烧正常吗,老年人终末期肺炎怎么回事,0
肺炎,23价肺炎疫苗打后发烧正常吗,终末期肺炎老年人怎么回事,0
肺炎,23价肺炎疫苗打后发烧正常吗,23价肺炎疫苗打后咳嗽正常吗,0
肺炎,23价肺炎疫苗打后发烧正常吗,23价肺炎疫苗打后发烧怎么办,1
肺炎,23价肺炎疫苗打后发烧正常吗,23价肺炎疫苗打后发烧是病吗,1
肺炎,23价肺炎疫苗打后发烧正常吗,23价肺炎疫苗打后发烧吃什么药,0
肺炎,23价肺炎疫苗打后发烧正常吗,23价肺炎疫苗打后发烧用输液吗,0
肺炎,23价肺炎疫苗打后发烧正常吗,23价肺炎疫苗打后发烧能打针吗,0
肺炎,23价肺炎疫苗打需要多少钱啊?,打23价肺炎疫苗需要多少钱啊,1
肺炎,23价肺炎疫苗打需要多少钱啊?,肠球菌肺炎的病因是什么,0
肺炎,23价肺炎疫苗打需要多少钱啊?,接种23价肺炎疫苗哪个医院好？,0
肺炎,23价肺炎疫苗打需要多少钱啊?,23价肺炎疫苗需要多少钱,1
肺炎,23价肺炎疫苗打需要多少钱啊?,后悔打23价肺炎了？,0
肺炎,23价肺炎疫苗打需要多少钱啊?,打23价肺炎疫苗花费多少钱,1
肺炎,23价肺炎疫苗打需要多少钱啊?,23价肺炎疫苗打完要多少钱,1
肺炎,23价肺炎疫苗打需要多少钱啊?,23价肺炎疫苗打过后副作用大吗,0
肺炎,23价肺炎疫苗打需要多少钱啊?,23价肺炎疫苗打过后能吃海鲜吗,0
肺炎,23价肺炎疫苗打需要多少钱啊?,23价肺炎疫苗对非典性肺炎管用吗,0
肺炎,23价肺炎疫苗有不良反应吗?,替硝唑片的适应症是什么,0
肺炎,23价肺炎疫苗有不良反应吗?,23价肺炎疫苗的不良反应有什么？,1
肺炎,23价肺炎疫苗有不良反应吗?,23价肺炎疫苗的不良反应有哪些？,1
肺炎,23价肺炎疫苗有不良反应吗?,13价肺炎疫苗是不是终身免疫?,0
肺炎,23价肺炎疫苗有不良反应吗?,23介肺炎疫苗有必要打吗,0
肺炎,23价肺炎疫苗有不良反应吗?,23价肺炎疫苗会不会有不良反应吗?,1
肺炎,23价肺炎疫苗有不良反应吗?,23价肺炎疫苗能有不良反应吗,1
肺炎,23价肺炎疫苗有不良反应吗?,打过23价肺炎疫苗能吃肉吗,0
肺炎,23价肺炎疫苗有不良反应吗?,老人能打23价肺炎疫苗吗,0
肺炎,23价肺炎疫苗有不良反应吗?,什么人适合打23价肺炎疫苗,0
肺炎,23价肺炎疫苗有必要打吗,连南瑶族接种肺炎疫苗哪个医院好？,0
肺炎,23价肺炎疫苗有必要打吗,23介肺炎疫苗有必要打吗,1
肺炎,23价肺炎疫苗有必要打吗,23介肺炎疫苗有打的必要吗,1
肺炎,23价肺炎疫苗有必要打吗,永城市接种肺炎疫苗哪个医院好？,0
肺炎,23价肺炎疫苗有必要打吗,仁寿县接种肺炎疫苗哪个医院好？,0
肺炎,23价肺炎疫苗有必要打吗,肺炎的23价疫苗有必要打吗,1
肺炎,23价肺炎疫苗有必要打吗,23价肺炎疫苗该打吗?,1
肺炎,23价肺炎疫苗有必要打吗,23价肺炎疫苗需要打几次呀？,0
肺炎,23价肺炎疫苗有必要打吗,23价肺炎疫苗需要多少钱,0
肺炎,23价肺炎疫苗有必要打吗,打23价肺炎疫苗有啥反应,0
肺炎,23价肺炎疫苗有必要打吗,23价肺炎疫苗可以不打吗,1
肺炎,23价肺炎疫苗有必要打吗,23价肺炎疫苗能不能不打,1
肺炎,23价肺炎疫苗有必要打吗,正喝中药能打23价肺炎疫苗吗,0
肺炎,23价肺炎疫苗有必要打吗,13价肺炎疫苗宝宝能打吗,0
肺炎,23价肺炎疫苗有必要打吗,13价肺炎疫苗发烧时能打吗,0
肺炎,23价肺炎疫苗有必要打吗,23价肺炎疫苗必需要打吗,1
肺炎,23价肺炎疫苗有必要打吗,23价肺炎疫苗一定要打吗,1
肺炎,23价肺炎疫苗有必要打吗,23价肺炎疫苗婴儿能打吗,0
肺炎,23价肺炎疫苗有必要打吗,打过23价肺炎疫苗能喝酒吗,0
肺炎,23价肺炎疫苗有必要打吗,孕妇能打23价肺炎疫苗吗,0
肺炎,23价肺炎疫苗的注射时间,七价肺炎球菌结合疫苗不打行吗？,0
肺炎,23价肺炎疫苗的注射时间,23价肺炎疫苗什么时候注射啊,1
肺炎,23价肺炎疫苗的注射时间,23价肺炎疫苗的注射时间是什么？,1
肺炎,23价肺炎疫苗的注射时间,23价肺炎疫苗有必要打吗,0
肺炎,23价肺炎疫苗的注射时间,23价肺炎疫苗需不需要打,0
肺炎,23价肺炎疫苗要不要打,连南瑶族接种肺炎疫苗哪个医院好？,0
肺炎,23价肺炎疫苗要不要打,打一针肺炎疫苗能管多久?,0
肺炎,23价肺炎疫苗要不要打,23价肺炎疫苗必须打吗,1
肺炎,23价肺炎疫苗要不要打,肺炎支原体无症状怎么办,0
肺炎,23价肺炎疫苗要不要打,顺庆区接种肺炎疫苗哪个医院好？,0
肺炎,23价肺炎疫苗要不要打,新生儿支气管感染性肺炎,0
肺炎,23价肺炎疫苗要不要打,47天婴儿呼吸声大是肺炎吗,0
肺炎,23价肺炎疫苗要不要打,23价肺炎疫苗多少钱,0
肺炎,23价肺炎疫苗要不要打,23价肺炎疫苗用不用打,1
肺炎,23价肺炎疫苗要不要打,23价肺炎疫苗能不能打,1
肺炎,23价肺炎疫苗要不要打,宝宝打过23价肺炎疫苗多长时间能洗澡,0
肺炎,23价肺炎疫苗要不要打,23价肺炎疫苗的疗效有多少年,0
肺炎,23价肺炎疫苗要不要打,13价肺炎疫苗癌症病人能打吗,0
肺炎,23价肺炎疫苗要打几针合适呢?,23价肺炎疫苗需要打几针呢？,1
肺炎,23价肺炎疫苗要打几针合适呢?,顺庆区接种肺炎疫苗哪个医院好？,0
肺炎,23价肺炎疫苗要打几针合适呢?,打一针肺炎疫苗能管多久?,0
肺炎,23价肺炎疫苗要打几针合适呢?,4婴儿23价肺炎疫苗要打3针呼吸声大是肺炎吗,0
肺炎,23价肺炎疫苗要打几针合适呢?,沂南县接种肺炎疫苗哪个医院好？,0
肺炎,23价肺炎疫苗需不需要打,顺庆区接种23价肺炎疫苗哪个医院好？,0
肺炎,23价肺炎疫苗需不需要打,南城县接种23价肺炎疫苗哪个医院好？,0
肺炎,23价肺炎疫苗需不需要打,沂南县接种23价肺炎疫苗哪个医院好？,0
肺炎,23价肺炎疫苗需不需要打,23介肺炎疫苗有必要打吗,1
肺炎,23价肺炎疫苗需不需要打,我可以打23介肺炎疫苗吗,1
肺炎,23价肺炎疫苗需不需要打,需要打23价肺炎疫苗吗,1
肺炎,23价肺炎疫苗需不需要打,23价肺炎疫苗要不要打,1
肺炎,23价肺炎疫苗需不需要打,什么是23价肺炎疫苗,0
肺炎,23价肺炎疫苗需不需要打,23价肺炎疫苗要打几针合适呢？,0
肺炎,23价肺炎疫苗需要打吗,13介肺炎疫苗有必要打吗?,1
肺炎,23价肺炎疫苗需要打吗,顺庆区接种肺炎疫苗哪个医院好？,0
肺炎,23价肺炎疫苗需要打吗,南城县接种23价肺炎疫苗哪个医院好？,0
肺炎,23价肺炎疫苗需要打吗,宝宝痰多引起肺炎一定要住院吗,0
肺炎,23价肺炎疫苗需要打吗,出生后感染肺炎的治疗方法有哪些,0
肺炎,23价肺炎疫苗需要打吗,23价肺炎疫苗要不要打,1
肺炎,23价肺炎疫苗需要打吗,23价肺炎疫苗用不用打,1
肺炎,23价肺炎疫苗需要打吗,老人打23价肺炎疫苗需要注意什么,0
肺炎,23价肺炎疫苗需要打吗,23价肺炎疫苗一共多少针,0
肺炎,23价肺炎疫苗需要打吗,打过23价肺炎疫苗发烧了可以吃退烧药吗,0
肺炎,4岁小孩得肺炎怎么办，急,一岁多的小孩得肺炎怎么办啊？,1
肺炎,4岁小孩得肺炎怎么办，急,6岁的小孩得了肺炎该怎么办,1
肺炎,4岁小孩得肺炎怎么办，急,克拉霉素分散片对肺炎有没有效果的啊,0
肺炎,4岁小孩得肺炎怎么办，急,2岁多小孩肺炎疫苗有必要打吗,0
肺炎,什么叫特发性间质性肺炎?,间质性肺炎能不能治好？,0
肺炎,什么叫特发性间质性肺炎?,特发性间质性肺炎是什么呀？,1
肺炎,什么叫特发性间质性肺炎?,特发性间质性肺炎有什么特点吗？,1
肺炎,什么叫特发性间质性肺炎?,肺炎患者的症状主要是什么？,0
肺炎,什么叫特发性间质性肺炎?,间质性肺炎和肺炎的区别是什么,0
肺炎,小孩肺炎有什么好的偏方吗?,一岁多的小孩得肺炎怎么办啊？,0
肺炎,小孩肺炎有什么好的偏方吗?,为什么感冒肺炎会加重心脏负担？,0
肺炎,小孩肺炎有什么好的偏方吗?,小孩肺炎有什么好的治疗方案嘛？,1
肺炎,小孩肺炎有什么好的偏方吗?,儿童肺炎有什么好的偏方吗？,1
肺炎,小孩肺炎有什么好的偏方吗?,幼儿肺炎有什么好的偏方吗,1
肺炎,小孩肺炎有什么好的偏方吗?,小儿肺炎的偏方是什么,1
肺炎,小孩肺炎有什么好的偏方吗?,治疗小儿肺炎的偏方有什么,1
肺炎,小孩肺炎有什么好的偏方吗?,小儿肺炎的表现是什么,0
肺炎,小孩肺炎有什么好的偏方吗?,小儿肺炎的诊断是什么,0
肺炎,小孩肺炎有什么好的偏方吗?,小儿肺炎的特点是什么,0
肺炎,左下肺炎要注意什么饮食？,左下肺炎不能吃什么食物呀？,1
肺炎,左下肺炎要注意什么饮食？,肺炎要注意什么饮食,1
肺炎,左下肺炎要注意什么饮食？,请问肺炎引起氮质血症吗？,0
肺炎,左下肺炎要注意什么饮食？,您好我想问下氟康唑胶囊的具体服法,0
肺炎,左下肺炎要注意什么饮食？,儿童吃哪种维生素可以增强抵抗力,0
肺炎,得了肺炎吃什么药好的快呀？,肺炎有什么特效药？,1
肺炎,得了肺炎吃什么药好的快呀？,什么药物可以快速治疗肺炎呢？,1
肺炎,得了肺炎吃什么药好的快,鹿泉县治疗肺炎哪个医院好？,0
肺炎,得了肺炎吃什么药好的快,孩子发烧不退已经转肺炎,0
肺炎,得了肺炎吃什么药好的快,喷门癌术后一月又真菌肺炎高烧不退怎么办,0
肺炎,得了肺炎吃什么药好的快,肺炎住院两周后今天出院复查CT医生说,0
肺炎,得了肺炎应该注意什么呢？,得过肺炎的人应该注意些什么?,1
肺炎,得了肺炎应该注意什么呢？,肺炎应该注意什么呢？,1
肺炎,得了肺炎应该注意什么呢？,得了糖尿病应该注意什么呢？,0
肺炎,得了肺炎应该注意什么呢？,得了糖尿病应该注意什么呢？,0
肺炎,得了肺炎应该注意什么呢？,得了肝炎应该注意点什么呢,0
肺炎,肺炎一般要治疗多久才能痊愈?,肺炎一般要治多久才可以好？,1
肺炎,肺炎一般要治疗多久才能痊愈?,如何治愈肺炎？,0
肺炎,肺炎一般要治疗多久才能痊愈?, 严重的肺炎要治疗多久? ,0
肺炎,肺炎一般要治疗多久才能痊愈?,肺炎一般要治多久才可以好？,1
肺炎,肺炎一般要治疗多久才能痊愈?,一般肺炎要治疗多久才能痊愈,1
肺炎,肺炎一般要治疗多久才能痊愈?,肺炎一般要治疗多长时间才能痊愈?,1
肺炎,肺炎一般要治疗多久才能痊愈?,治好肺炎一般要治疗多长时间,1
肺炎,肺炎一般要治疗多久才能痊愈?,肺炎推拿可以治好吗,0
肺炎,肺炎一般要治疗多久才能痊愈?,肺炎吃消炎药可以吗,0
肺炎,肺炎一般要治疗多久才能痊愈?,年青人得肺炎只吃药可以吗,0
肺炎,肺炎一般要治疗多久才能痊愈?,肺炎需要多久能完全治愈,1
肺炎,肺炎一般要治疗多久才能痊愈?,肺炎多少天可以痊愈,1
肺炎,肺炎一般要治疗多久才能痊愈?,小孩肺炎会有后遗症吗,0
肺炎,肺炎一般要治疗多久才能痊愈?,肺炎会引起发烧吗,0
肺炎,肺炎一般要治疗多久才能痊愈?,肺炎会危及生命吗,0
肺炎,肺炎支原体抗体1:40阴性正常吗,肺炎支原体抗体1：40参考值1：80阴性,1
肺炎,肺炎支原体抗体1:40阴性正常吗, 肺炎支原体抗体阴性1:40是否正常？,1
肺炎,肺炎支原体抗体1:40阴性正常吗,肺炎治疗近一个月仍发烧38多怎么办？,0
肺炎,肺炎支原体抗体1:40阴性正常吗,产前、产时感染性肺炎的治疗方法有哪些,0
肺炎,肺炎支原体抗体1:40阴性正常吗,肺炎链球菌肺炎的治疗原则？,0
肺炎,肺炎治好了会有后遗症吗,宝宝得了肺炎，会有后遗症吗,1
肺炎,肺炎治好了会有后遗症吗,肺炎治好了会有哪些后遗症吗？,1
肺炎,肺炎治好了会有后遗症吗,抗肺炎衣原体1gn阳性吃阿奇霉素吃多久？,0
肺炎,肺炎治好了会有后遗症吗,肺炎病人可以进行户外锻炼么,0
肺炎,肺炎治好了会有后遗症吗,肺炎支原体能引起布氏感菌吗？,0
肺炎,肺炎治愈后多久可以剧烈运动,肺炎治愈后需要休息多久才可以剧烈运动？,1
肺炎,肺炎治愈后多久可以剧烈运动,肺炎一般要治疗多久才能痊愈?,0
肺炎,肺炎治愈后多久可以剧烈运动,肺炎出院后可以适当运动吗？比如打乒乓球,1
肺炎,肺炎治愈后多久可以剧烈运动,怎样防止肺炎复发要注意什么问题呢,0
肺炎,肺炎治愈后多久可以剧烈运动,耶氏肺孢子菌肺炎的症状有哪些,0
肺炎,肺炎输液用什么药比较好？,肺炎疫苗有没有必要打啊?,0
肺炎,肺炎输液用什么药比较好？,肺炎输液用哪种药比较好?,1
肺炎,肺炎输液用什么药比较好？,肺炎输液特效药是什么呀?,1
肺炎,肺炎输液用什么药比较好？,吴中区接种肺炎疫苗哪个医院好？,0
肺炎,肺炎输液用什么药比较好？,今天去医院拍的胸透。肺炎吃什么药啊,0
肺炎,阿奇霉素片有什么功效的呢？,阿奇霉素片的功效有哪些？,1
肺炎,阿奇霉素片有什么功效的呢？,阿奇霉素片是治疗什么的？,1
肺炎,阿奇霉素片有什么功效的呢？,阿奇霉素片的适应症有什么呢？,1
肺炎,阿奇霉素片有什么功效的呢？,九台市治疗肺炎哪个医院好？,0
肺炎,阿奇霉素片有什么功效的呢？,我的孩子才3周岁半然后患有肺炎反复发烧可以使用阿奇霉素片吗？,0
肺炎,成人得了肺炎能彻底治好吗,成人肺炎能治好吗,1
肺炎,成人得了肺炎能彻底治好吗,成人得了肺炎还治得好吗？,1
肺炎,成人得了肺炎能彻底治好吗,大人得肺炎会会传染吗,0
肺炎,成人得了肺炎能彻底治好吗,成人得了肺炎怎么办呀,0
肺炎,成人得了肺炎能彻底治好吗,成人得了肺炎怎么办呀,0
肺炎,13介肺炎疫苗有必要打吗?,肺炎13介疫苗需要打吗？,1
肺炎,13介肺炎疫苗有必要打吗?,有必要打13介肺炎疫苗吗？,1
肺炎,13介肺炎疫苗有必要打吗?,13介肺炎疫苗什么时候打,0
肺炎,13介肺炎疫苗有必要打吗?,13介肺炎疫苗多少钱,0
肺炎,13介肺炎疫苗有必要打吗?,13介肺炎疫苗打完发烧怎么办,0
肺炎,13介肺炎疫苗有必要打吗?,打13介肺炎疫苗管用吗?,1
肺炎,13介肺炎疫苗有必要打吗?,注射13介肺炎疫苗有作用吗?,1
肺炎,13介肺炎疫苗有必要打吗?,13介肺炎疫苗价格是多少?,0
肺炎,13介肺炎疫苗有必要打吗?,13介肺炎疫苗的副作用大吗,0
肺炎,13介肺炎疫苗有必要打吗?,打过13价介肺炎疫苗应注意什么,0
肺炎,8岁儿童的肺炎怎么治?,儿童肺炎怎么治疗才好呢？,1
肺炎,8岁儿童的肺炎怎么治?,孩子得了肺炎要怎么治疗好？,1
肺炎,8岁儿童的肺炎怎么治?,8岁肺炎症状表现有哪些?,0
肺炎,8岁儿童的肺炎怎么治?,怎么判断儿童是否患有肺炎,0
肺炎,8岁儿童的肺炎怎么治?,小孩子肺炎几天能好,0
肺炎,小孩先咳嗽后发烧是肺炎吗,小孩咳嗽发热是不是肺炎,1
肺炎,小孩先咳嗽后发烧是肺炎吗,小孩先咳嗽后发烧可以确定得了肺炎吗？,1
肺炎,小孩先咳嗽后发烧是肺炎吗,小孩先咳嗽后发烧怎么回事,0
肺炎,小孩先咳嗽后发烧是肺炎吗,孩子得了肺炎发热咳嗽怎么办？,0
肺炎,小孩先咳嗽后发烧是肺炎吗,孩子高烧咳嗽引起支原体肺炎怎么办,0
肺炎,23价肺炎疫苗需要多少钱,23价肺炎疫苗价格多少呢？,1
肺炎,23价肺炎疫苗需要多少钱,23价肺炎疫苗打需要多少钱啊？,1
肺炎,23价肺炎疫苗需要多少钱,23价肺炎疫苗老人打几次,0
肺炎,23价肺炎疫苗需要多少钱,23价肺炎疫苗。需要打几次。,0
肺炎,23价肺炎疫苗需要多少钱,23价肺炎疫苗需要打多少针,0
肺炎,23价肺炎疫苗需要多少钱,23价肺炎疫苗价格多少？,1
肺炎,23价肺炎疫苗需要多少钱,打一次23价肺炎疫苗用多少钱,1
肺炎,23价肺炎疫苗需要多少钱,打过23价肺炎疫苗能喝中药吗,0
肺炎,23价肺炎疫苗需要多少钱,打过23价肺炎疫苗能游泳吗,0
肺炎,23价肺炎疫苗需要多少钱,23价肺炎疫苗打过后有注意事项吗,0
肺炎,23价肺炎疫苗需要多少钱,23价肺炎疫苗价格是多少,1
肺炎,23价肺炎疫苗需要多少钱,23价肺炎疫苗一针是多钱,1
肺炎,23价肺炎疫苗需要多少钱,23价肺炎疫苗有副作用吗,0
肺炎,23价肺炎疫苗需要多少钱,23价肺炎疫苗需要打几针,0
肺炎,23价肺炎疫苗需要多少钱,23价肺炎疫苗的好处是什么,0
肺炎,3岁小孩肺炎症状是怎样的?,3岁小孩肺炎症状有哪些?,1
肺炎,3岁小孩肺炎症状是怎样的?,孩子肺炎表现是怎样的,1
肺炎,3岁小孩肺炎症状是怎样的?,3岁孩子肺炎该如何用药,0
肺炎,3岁小孩肺炎症状是怎样的?,儿童检查说是肺炎，怎么办？,0
肺炎,3岁小孩肺炎症状是怎样的?,孩子患有肺炎怎么办好？,0
肺炎,3岁小孩肺炎症状是怎样的?,幼儿肺炎的症状是什么,1
肺炎,3岁小孩肺炎症状是怎样的?,幼儿肺炎的发病表现是什么,1
肺炎,3岁小孩肺炎症状是怎样的?,肺炎临床分型上有多少种,0
肺炎,3岁小孩肺炎症状是怎样的?,中医如何治疗小孩肺炎,0
肺炎,3岁小孩肺炎症状是怎样的?,孕妇应该怎样预防肺炎,0
肺炎,老年人得肺炎能彻底治疗好吗?,老人患了肺炎好治愈吗？,1
肺炎,老年人得肺炎能彻底治疗好吗?,老年人得了肺炎能治得好吗？,1
肺炎,老年人得肺炎能彻底治疗好吗?,老年人肺炎怎么治疗？,0
肺炎,老年人得肺炎能彻底治疗好吗?,老年人肺炎传染吗？,0
肺炎,老年人得肺炎能彻底治疗好吗?,老年人如何预防肺炎？,0
肺炎,23价肺炎疫苗必须打吗,23价肺炎疫苗要不要打,1
肺炎,23价肺炎疫苗必须打吗,23价肺炎疫苗是否一定要打,1
肺炎,23价肺炎疫苗必须打吗,23价肺炎疫苗要打几针,0
肺炎,23价肺炎疫苗必须打吗,23价肺炎疫苗要打几针合适呢？,0
肺炎,23价肺炎疫苗必须打吗,23价肺炎疫苗多少钱,0
肺炎,咳嗽不发烧会成为肺炎吗,咳嗽不发热是肺炎吗,1
肺炎,咳嗽不发烧会成为肺炎吗,单纯咳嗽不发热会变成肺炎吗,1
肺炎,咳嗽不发烧会成为肺炎吗,发热不停的咳嗽是肺炎吗？,0
肺炎,咳嗽不发烧会成为肺炎吗,肺炎发热咳嗽怎么办？,0
肺炎,咳嗽不发烧会成为肺炎吗,感冒发热咳嗽吃什么好,0
肺炎,5岁儿童肺炎的治疗方法?,5岁孩子得肺炎怎么治疗,1
肺炎,5岁儿童肺炎的治疗方法?,孩子得了肺炎要怎么治疗好？,1
肺炎,5岁儿童肺炎的治疗方法?,平时的时候怎么样预防孩子得肺炎的病？,0
肺炎,5岁儿童肺炎的治疗方法?,宝宝肺炎吃什么食物好?,0
肺炎,5岁儿童肺炎的治疗方法?,儿童反复肺炎怎么回事?,0
肺炎,5岁儿童肺炎的治疗方法?,儿童肺炎怎样治疗,1
肺炎,5岁儿童肺炎的治疗方法?,儿童肺炎怎么办,1
肺炎,5岁儿童肺炎的治疗方法?,儿童肺炎会传染吗,0
肺炎,5岁儿童肺炎的治疗方法?,儿童肺炎都有什么症状,0
肺炎,5岁儿童肺炎的治疗方法?,儿童肺炎容易反复吗,0
肺炎,小孩肺炎一定要住院吗?,小孩肺炎必须住院吗?,1
肺炎,小孩肺炎一定要住院吗?,小孩肺炎不住院可以吗,1
肺炎,小孩肺炎一定要住院吗?,小孩肺炎需要住院多久?,0
肺炎,小孩肺炎一定要住院吗?,儿童肺炎住院要多少钱?,0
肺炎,小孩肺炎一定要住院吗?,儿童肺炎吃什么药,0
肺炎,小孩肺炎一定要输液才会好吗？,儿童肺炎必须输液吗？,1
肺炎,小孩肺炎一定要输液才会好吗？,小儿肺炎用输液吗,1
肺炎,小孩肺炎一定要输液才会好吗？,小儿肺炎输液要几天,0
肺炎,小孩肺炎一定要输液才会好吗？,小儿肺炎输液几天见效？,0
肺炎,小孩肺炎一定要输液才会好吗？,小儿肺炎治疗过程是怎样的？,0
肺炎,小孩肺炎治疗方法有哪些呢?,请问下小儿肺炎的治疗方法有哪些呢？,1
肺炎,小孩肺炎治疗方法有哪些呢?,有哪些方法可以治疗小孩的肺炎？,1
肺炎,小孩肺炎治疗方法有哪些呢?,小儿肺炎有什么症状,0
肺炎,小孩肺炎治疗方法有哪些呢?,小儿肺炎早期症状有什么呢,0
肺炎,小孩肺炎治疗方法有哪些呢?,患有小儿肺炎该怎样护理？,0
肺炎,小孩子得了肺炎到底该怎么办啊?,孩子得了肺炎要怎么治疗好？,1
肺炎,小孩子得了肺炎到底该怎么办啊?,怎么治疗小孩的肺炎？,1
肺炎,小孩子得了肺炎到底该怎么办啊?,孩子得了肺炎怎么回事呢？,0
肺炎,小孩子得了肺炎到底该怎么办啊?,小孩子如果得了肺炎早期症状是什么？,0
肺炎,小孩子得了肺炎到底该怎么办啊?,如何看出小孩子是得了肺炎。,0
肺炎,小孩肺炎饮食需要注意哪些?,孩子得肺炎饮食上要注意什么事？,1
肺炎,小孩肺炎饮食需要注意哪些?,宝宝患有肺炎在饮食上需要注意什么？,1
肺炎,小孩肺炎饮食需要注意哪些?,三岁小孩感冒得了肺炎吃点什么药好呢？,0
肺炎,小孩肺炎饮食需要注意哪些?,宝宝肺炎有什么症状,0
肺炎,小孩肺炎饮食需要注意哪些?,孩子肺炎咳嗽怎么办,0
肺炎,小孩肺炎的早期症状有哪些?,哪些是小孩肺炎的早期症状,1
肺炎,小孩肺炎的早期症状有哪些?,小儿早期肺炎的症状是什么,1
肺炎,小孩肺炎的早期症状有哪些?,小儿肺炎该怎么治疗,0
肺炎,小孩肺炎的早期症状有哪些?,宝宝有轻度肺炎怎么办？,0
肺炎,小孩肺炎的早期症状有哪些?,孩子患有肺炎怎么办好？,0
肺炎,小孩肺炎的早期症状有哪些?,小孩肺炎的早期什么症状,1
肺炎,小孩肺炎的早期症状有哪些?,早期小孩肺炎的症状有哪些,1
肺炎,小孩肺炎的早期症状有哪些?,肺炎有什么分类吗,0
肺炎,小孩肺炎的早期症状有哪些?,小孩感染肺炎的原因,0
肺炎,小孩肺炎的早期症状有哪些?,小孩肺炎吃什么药,0
肺炎,我得了肺炎为什么不发烧,为什么得了肺炎没有发烧,1
肺炎,我得了肺炎为什么不发烧,得肺炎不发烧是为什么？,1
肺炎,我得了肺炎为什么不发烧,肺炎后高烧怎么办,0
肺炎,我得了肺炎为什么不发烧,肺炎反复发烧我该怎么办,0
肺炎,我得了肺炎为什么不发烧,肺炎发烧为什么不退,0
肺炎,2个月婴儿肺炎早期症状有哪些?,2个月婴儿肺炎早期症状是什么,1
肺炎,2个月婴儿肺炎早期症状有哪些?,哪些症状是婴儿肺炎的早期症状,1
肺炎,2个月婴儿肺炎早期症状有哪些?,两个月大婴儿得了肺炎怎么办,0
肺炎,2个月婴儿肺炎早期症状有哪些?,新生儿肺炎是怎么得的？,0
肺炎,2个月婴儿肺炎早期症状有哪些?,新生儿肺炎如何用药？,0
肺炎,1岁宝宝得了肺炎可以吃哪些水果啊,宝宝肺炎吃什么水果好?,1
肺炎,1岁宝宝得了肺炎可以吃哪些水果啊,小孩肺炎要吃什么水果,1
肺炎,1岁宝宝得了肺炎可以吃哪些水果啊,宝宝肺炎可以吃什么药？,0
肺炎,1岁宝宝得了肺炎可以吃哪些水果啊,宝宝得了肺炎，怎么办？,0
肺炎,1岁宝宝得了肺炎可以吃哪些水果啊,两个月大婴儿得了肺炎怎么办,0
肺炎,肺炎链球菌疫苗有必要打吗,需要打肺炎链球菌疫苗吗？,1
肺炎,肺炎链球菌疫苗有必要打吗,肺炎链球菌疫苗可不可以不打？,1
肺炎,肺炎链球菌疫苗有必要打吗,肺炎链球菌疫苗什么时候接种？,0
肺炎,肺炎链球菌疫苗有必要打吗,肺炎链球菌疫苗价格是多少,0
肺炎,肺炎链球菌疫苗有必要打吗,肺炎链球菌疫苗是什么,0
肺炎,儿童肺炎一定会发烧吗?,小孩如果得了肺炎会发烧吗？,1
肺炎,儿童肺炎一定会发烧吗?,宝宝肺炎会发烧吗,1
肺炎,儿童肺炎一定会发烧吗?,儿童肺炎怎么治疗,0
肺炎,儿童肺炎一定会发烧吗?,儿童肺炎治疗多久?,0
肺炎,儿童肺炎一定会发烧吗?,儿童肺炎症状有哪些,0
肺炎,肺炎支原体抗体弱阳性是什么意思?,肺炎支原体抗体弱阳性意味着什么,1
肺炎,肺炎支原体抗体弱阳性是什么意思?,为什么会肺炎支原体抗体弱阳性,1
肺炎,肺炎支原体抗体弱阳性是什么意思?,肺炎支原体抗体弱阳性怎么办？,0
肺炎,肺炎支原体抗体弱阳性是什么意思?,肺炎支原体抗体是什么,0
肺炎,肺炎支原体抗体弱阳性是什么意思?,肺炎支原体抗体弱阳性用什么药,0
肺炎,肺炎支原体抗体弱阳性是什么意思?,肺炎支原体抗体弱阳性是什么情况,1
肺炎,肺炎支原体抗体弱阳性是什么意思?,肺炎支原体抗体弱阳性是怎么回事,1
肺炎,肺炎支原体抗体弱阳性是什么意思?,肺炎支原体抗体弱阳性吃什么药,0
肺炎,肺炎支原体抗体弱阳性是什么意思?,肺炎支原体抗体弱阳性用吃药吗,0
肺炎,肺炎支原体抗体弱阳性是什么意思?,肺炎支原体抗体弱阳性应注意什么,0
肺炎,得了肺炎会很容易死人吗,请问肺炎这病严重嘛会死人嘛,1
肺炎,得了肺炎会很容易死人吗,得了肺炎容易致死吗,1
肺炎,得了肺炎会很容易死人吗,得了肺炎了要怎么办？,0
肺炎,得了肺炎会很容易死人吗,肺炎怎么治疗最快?,0
肺炎,得了肺炎会很容易死人吗,得了肺炎该注意什么？,0
肺炎,得了肺炎会很容易死人吗,肺炎致死率高吗,1
肺炎,得了肺炎会很容易死人吗,感染肺炎后，死亡率高吗,1
肺炎,得了肺炎会很容易死人吗,得了肺炎怎么办,0
肺炎,得了肺炎会很容易死人吗,得了肺炎会需要开刀吗,0
肺炎,得了肺炎会很容易死人吗,得了肺炎必须住院吗,0
肺炎,成人肺炎症状特征是怎样的,大人肺炎的症状有哪些,1
肺炎,成人肺炎症状特征是怎样的,成人肺炎有哪些症状和体征？,1
肺炎,成人肺炎症状特征是怎样的,成人肺炎怎么治,0
肺炎,成人肺炎症状特征是怎样的,成人肺炎复发怎么办,0
肺炎,成人肺炎症状特征是怎样的,成人肺炎注意什么,0
肺炎,成人肺炎症状特征是怎样的,成人肺炎有哪些症状,1
肺炎,成人肺炎症状特征是怎样的,成人肺炎患者有什么症状,1
肺炎,成人肺炎症状特征是怎样的,肺炎患者吃什么药副作用会比较小,0
肺炎,成人肺炎症状特征是怎样的,怎么治疗肺炎疗效好,0
肺炎,成人肺炎症状特征是怎样的,肺炎患者怎么护理,0
肺炎,肺炎支原体阳性输液要多久转阴,肺炎支原体阳性输液几天能好,1
肺炎,肺炎支原体阳性输液要多久转阴,肺炎支原体抗体阳性，需要输液几天,1
肺炎,肺炎支原体阳性输液要多久转阴,肺炎支原体阳性是什么意思,0
肺炎,肺炎支原体阳性输液要多久转阴,肺炎支原体阳性咋办,0
肺炎,肺炎支原体阳性输液要多久转阴,肺炎支原体阳性要怎么做,0
肺炎,肺炎支原体阳性输液要多久转阴,肺炎支原体阳性打点滴需要几天才能转阴,1
肺炎,肺炎支原体阳性输液要多久转阴,肺炎支原体阳性转阴输液要多长时间,1
肺炎,肺炎支原体阳性输液要多久转阴,肺炎支原体阳性怎样治,0
肺炎,肺炎支原体阳性输液要多久转阴,肺炎支原体阳性能治吗,0
肺炎,肺炎支原体阳性输液要多久转阴,肺炎支原体阳性能痊愈吗,0
肺炎,6岁的小孩得了肺炎该怎么办,6岁患有肺炎的小孩怎么治疗,1
肺炎,6岁的小孩得了肺炎该怎么办,6岁的孩子得肺炎采用什么方法治疗好,1
肺炎,6岁的小孩得了肺炎该怎么办,6岁孩子得肺炎有什么症状,0
肺炎,6岁的小孩得了肺炎该怎么办,6岁孩子是怎么得肺炎的,0
肺炎,6岁的小孩得了肺炎该怎么办,6岁孩子得肺炎多久可以治愈,0
肺炎,6岁的小孩得了肺炎该怎么办,6岁的小孩得了肺炎怎么治疗,1
肺炎,6岁的小孩得了肺炎该怎么办,小孩得了肺炎吃什么药可以治,0
肺炎,6岁的小孩得了肺炎该怎么办,老年肺炎患者该怎么照顾,0
肺炎,6岁的小孩得了肺炎该怎么办,宝宝得了肺炎不能吃什么,0
肺炎,6岁的小孩得了肺炎该怎么办,儿童得了肺炎怎样治疗,1
肺炎,6岁的小孩得了肺炎该怎么办,儿童得了肺炎如何治疗,1
肺炎,6岁的小孩得了肺炎该怎么办,儿童得了肺炎治愈后有哪些后遗症,0
肺炎,6岁的小孩得了肺炎该怎么办,得了肺炎会咳嗽吗,0
肺炎,6岁的小孩得了肺炎该怎么办,得了肺炎会传染小孩子吗,0
肺炎,打一针肺炎疫苗能管多久?,肺炎疫苗几年打一次,1
肺炎,打一针肺炎疫苗能管多久?,打了肺炎疫苗可以几年不用再打了,1
肺炎,打一针肺炎疫苗能管多久?,打一针肺炎疫苗需要多少钱,0
肺炎,打一针肺炎疫苗能管多久?,肺炎疫苗一般需要打几次,0
肺炎,打一针肺炎疫苗能管多久?,肺炎疫苗会有什么副作用吗,0
肺炎,肺炎主要高烧不退怎么办?,肺炎导致的发烧不退怎么办,1
肺炎,肺炎主要高烧不退怎么办?,怎样治疗肺炎的高烧不退,1
肺炎,肺炎主要高烧不退怎么办?,高烧肺炎症状有哪些?,0
肺炎,肺炎主要高烧不退怎么办?,肺炎高烧一般几天,0
肺炎,肺炎主要高烧不退怎么办?,肺炎高烧不退怎么回事,0
肺炎,肺炎主要高烧不退怎么办?,肺炎导致高烧不退怎么治?,1
肺炎,肺炎主要高烧不退怎么办?,肺炎引起的高烧不退怎么处理?,1
肺炎,肺炎主要高烧不退怎么办?,肺炎会引起高烧吗,0
肺炎,肺炎主要高烧不退怎么办?,高烧会导致肺炎吗,0
肺炎,肺炎主要高烧不退怎么办?,肺炎主要高烧输什么液?,0
肺炎,"现在肺炎能治好吗,大概多少钱",肺炎治好大概要花多少钱,1
肺炎,"现在肺炎能治好吗,大概多少钱",大概花多少钱可以将肺炎治好,1
肺炎,"现在肺炎能治好吗,大概多少钱",目前治疗肺炎的最好方法是什么,0
肺炎,"现在肺炎能治好吗,大概多少钱",得了肺炎多久能治好？,0
肺炎,"现在肺炎能治好吗,大概多少钱",肺炎是什么原因引起的,0
肺炎,肺炎的早期症状有哪些?,肺炎的早期症状是什么,1
肺炎,肺炎的早期症状有哪些?,早期症状的肺炎有什么表现,1
肺炎,肺炎的早期症状有哪些?,得了肺炎应注意什么,0
肺炎,肺炎的早期症状有哪些?,肺炎吃什么药,0
肺炎,肺炎的早期症状有哪些?,肺炎只打针可以吗,0
肺炎,肺炎的预防控制措施有哪些?,预防肺炎有什么控制措施吗,1
肺炎,肺炎的预防控制措施有哪些?,肺炎的预防控制措施是什么,1
肺炎,肺炎的预防控制措施有哪些?,预防肺癌的方法有哪些,0
肺炎,肺炎的预防控制措施有哪些?,肺炎中医可以调理吗,0
肺炎,肺炎的预防控制措施有哪些?,吸氧对肺炎有帮助吗,0
肺炎,刚出生3天的婴儿的肺炎怎么办,怎样治疗刚出生3天婴儿的肺炎,1
肺炎,刚出生3天的婴儿的肺炎怎么办,刚出生的婴儿患上的了炎怎么办,1
肺炎,刚出生3天的婴儿的肺炎怎么办,宝宝发烧能转化成肺炎吗,0
肺炎,刚出生3天的婴儿的肺炎怎么办,婴儿得了肺炎会发烧吗,0
肺炎,刚出生3天的婴儿的肺炎怎么办,婴儿患上肺炎用吸氧吗,0
肺炎,老人患上肺炎怎么治疗好得快一点,老人感染肺炎怎样治疗好得快一点,1
肺炎,老人患上肺炎怎么治疗好得快一点,老人得了肺炎怎么办恢复的快,1
肺炎,老人患上肺炎怎么治疗好得快一点,老人患上肺炎饮食吃什么,0
肺炎,老人患上肺炎怎么治疗好得快一点,老人得了肺炎用输液吗,0
肺炎,老人患上肺炎怎么治疗好得快一点,老人得了肺炎用打针吗,0
肺炎,儿童肺炎如何治疗最好?,儿童肺炎怎样治疗最好?,1
肺炎,儿童肺炎如何治疗最好?,儿童肺炎如何治疗最佳?,1
肺炎,儿童肺炎如何治疗最好?,儿童肺炎需要吃药吗?,0
肺炎,儿童肺炎如何治疗最好?,儿童肺炎需要打针吗?,0
肺炎,儿童肺炎如何治疗最好?,儿童肺炎需要输液吗?,0
肺炎,肺炎会有什么后遗症呢,肺炎会产生什么后遗症呢,1
肺炎,肺炎会有什么后遗症呢,肺炎会留下什么后遗症呢,1
肺炎,肺炎会有什么后遗症呢,得了肺炎要注意什么,0
肺炎,肺炎会有什么后遗症呢,肺炎能不能治愈,0
肺炎,肺炎会有什么后遗症呢,股骨头坏死是不是肺炎的后遗症,0
肺炎,肺炎支原体抗体阳性1:40怎么治,肺炎支原体抗体阳性显示1:40怎么办,1
肺炎,肺炎支原体抗体阳性1:40怎么治,肺炎支原体抗体阳性高达1:40应该怎么治疗,1
肺炎,肺炎支原体抗体阳性1:40怎么治,肺炎支原体抗体阳性1:40代表什么意思,0
肺炎,肺炎支原体抗体阳性1:40怎么治,肺炎支原体抗体阳性1:40中医能治吗,0
肺炎,肺炎支原体抗体阳性1:40怎么治,肺炎支原体抗体阳性1:40能喝中药吗,0
肺炎,肺炎支原体检测阴性代表什么情况?,肺炎支原体检测阴性反映什么情况,1
肺炎,肺炎支原体检测阴性代表什么情况?,肺炎支原体检测阴性说明什么,1
肺炎,肺炎支原体检测阴性代表什么情况?,肺炎支原体检测阴性应该怎么治,0
肺炎,肺炎支原体检测阴性代表什么情况?,肺炎支原体检测阴性正常吗,0
肺炎,肺炎支原体检测阴性代表什么情况?,肺炎支原体检测阴性是健康吗,0
肺炎,肺炎支原体血清学实验阳性1:40什么情况？,肺炎支原体血清学实验阳性1:40说明什么,1
肺炎,肺炎支原体血清学实验阳性1:40什么情况？,肺炎支原体血清学实验阳性1:40代表什么,1
肺炎,肺炎支原体血清学实验阳性1:40什么情况？,肺炎支原体血清学实验都有哪些指标,0
肺炎,肺炎支原体血清学实验阳性1:40什么情况？,肺炎支原体血清学实验怎么判断阳性,0
肺炎,肺炎支原体血清学实验阳性1:40什么情况？,肺炎支原体血清学实验阴性正常吗,0
肺炎,宝宝得了肺炎多久能康复?,宝宝得了肺炎多久能治好,1
肺炎,宝宝得了肺炎多久能康复?,宝宝得了肺炎需要多长时间才能痊愈,1
肺炎,宝宝得了肺炎多久能康复?,宝宝得了肺炎应该怎么照顾,0
肺炎,宝宝得了肺炎多久能康复?,婴幼儿患肺炎有啥后遗症,0
肺炎,宝宝得了肺炎多久能康复?,肺炎吃什么药副作用小,0
肺炎,老年人炎症状特征是怎样的,老年肺炎患者的症状有哪些,1
肺炎,老年人炎症状特征是怎样的,儿童肺炎症状有哪些主要特征,0
肺炎,23价肺炎疫苗需要打多少针,23价肺炎疫苗需要打几针,1
肺炎,23价肺炎疫苗需要打多少针,23价肺炎疫苗需要注射几针效果最好,1
肺炎,23价肺炎疫苗需要打多少针,打23价肺炎疫苗需要多少钱,0
肺炎,23价肺炎疫苗需要打多少针,23价肺炎疫苗打过后能洗澡吗,0
肺炎,23价肺炎疫苗需要打多少针,23价肺炎疫苗婴儿能打吗,0
肺炎,23价肺炎疫苗的注射时间是什么时候,23价肺炎疫苗什么时间注射,1
肺炎,23价肺炎疫苗的注射时间是什么时候,什么时间可以注射23价肺炎疫苗,1
肺炎,23价肺炎疫苗的注射时间是什么时候,打过23价肺炎疫苗吃的食物应注意什么,0
肺炎,23价肺炎疫苗的注射时间是什么时候,23价肺炎疫苗打过后多长时间有效,0
肺炎,23价肺炎疫苗的注射时间是什么时候,打过23价肺炎疫苗多长时间产生抗体,0
肺炎,老人肺炎一般要治疗多久才能痊愈?,老人患肺炎正常情况要治疗多长时间才能痊愈,1
肺炎,老人肺炎一般要治疗多久才能痊愈?,老人患肺炎要治疗好得多长时间,1
肺炎,老人肺炎一般要治疗多久才能痊愈?,老人患肺炎饮食应注意什么,0
肺炎,老人肺炎一般要治疗多久才能痊愈?,老人得肺炎吃中成药可以吗,0
肺炎,老人肺炎一般要治疗多久才能痊愈?,老人患肺炎应注意保暖吗,0
肺炎,请问一下儿童肺炎会传染吗?,儿童得了肺炎能传染吗?,1
肺炎,请问一下儿童肺炎会传染吗?,请问一下儿童得肺炎是否会传染,1
肺炎,请问一下儿童肺炎会传染吗?,儿童患肺炎饮食用清淡点吗,0
肺炎,请问一下儿童肺炎会传染吗?,儿童患上肺炎必须住院吗,0
肺炎,请问一下儿童肺炎会传染吗?,儿童患上肺炎症状有哪些,0
肺炎,肺炎咳嗽吃什么药好的快,肺炎咳嗽吃哪一类药好的快,1
肺炎,肺炎咳嗽吃什么药好的快,什么药肺炎咳嗽吃了好的快,1
肺炎,肺炎咳嗽吃什么药好的快,肺炎咳嗽是病毒引起的吗,0
肺炎,肺炎咳嗽吃什么药好的快,肺炎咳嗽看中医还是西医,0
肺炎,肺炎咳嗽吃什么药好的快,肺炎咳嗽吃消炎药可以吗,0
肺炎,肺炎一般吊水需要多久能痊愈,肺炎输液治疗需要多长时间,1
肺炎,肺炎一般吊水需要多久能痊愈,治疗肺炎一般吊水需要多长时间痊愈,1
肺炎,肺炎一般吊水需要多久能痊愈,肺炎传染吗,0
肺炎,肺炎一般吊水需要多久能痊愈,肺炎吃什么中药,0
肺炎,肺炎一般吊水需要多久能痊愈,肺炎是呼吸道疾病吗,0
肺炎,青少年肺炎如何治疗最好?,青少年得了肺炎怎么办?,1
肺炎,青少年肺炎如何治疗最好?,青少年患上肺炎怎样治疗最好?,1
肺炎,青少年肺炎如何治疗最好?,肺炎治好后有后遗症吗,0
肺炎,青少年肺炎如何治疗最好?,患上肺炎为什么不能平躺着睡觉,0
肺炎,青少年肺炎如何治疗最好?,患上肺炎一定要抗感染治疗吗,0
肺炎,孕妇得了肺炎怎么办?,孕期妈妈得了肺炎怎么办?,1
肺炎,孕妇得了肺炎怎么办?,怀孕的妈妈得了肺炎怎么治疗?,1
肺炎,孕妇得了肺炎怎么办?,婴幼儿得了肺炎怎么办?,0
肺炎,孕妇得了肺炎怎么办?,刚出生的宝宝被检查出肺炎怎么照顾?,0
肺炎,孕妇得了肺炎怎么办?,怎样预防肺炎?,0
肺炎,孕妇肺炎支原体弱阳性是什么意思?,孕妇肺炎支原体检查结果呈弱阳性是什么意思?,1
肺炎,孕妇肺炎支原体弱阳性是什么意思?,孕妇肺炎支原体弱阳性医学怎么解释?,1
肺炎,孕妇肺炎支原体弱阳性是什么意思?,儿童肺炎支原体弱阴性是正常现象吗?,0
肺炎,孕妇肺炎支原体弱阳性是什么意思?,儿童肺炎支原体弱阴性怎么治疗?,0
肺炎,孕妇肺炎支原体弱阳性是什么意思?,儿童肺炎支原体弱阳性传染吗,0
肺炎,孕妇肺炎支原体抗体弱阳性是什么意思?,孕妇肺炎支原体抗体弱阳性是什么病,1
肺炎,孕妇肺炎支原体抗体弱阳性是什么意思?,孕妇肺炎支原体抗体弱阳性意味着什么,1
肺炎,孕妇肺炎支原体抗体弱阳性是什么意思?,孕妇得了肺炎支原体抗体弱阳性能吃药吗,0
肺炎,孕妇肺炎支原体抗体弱阳性是什么意思?,孕妇得了肺炎支原体抗体弱阳性用治疗吗,0
肺炎,孕妇肺炎支原体抗体弱阳性是什么意思?,宝宝得了肺炎支原体抗体弱阳性吃什么药,0
肺炎,"宝宝得了肺炎,会有后遗症吗","宝宝得了肺炎,会不会有后遗症",1
肺炎,"宝宝得了肺炎,会有后遗症吗","宝宝得了肺炎,能有后遗症吗",1
肺炎,"宝宝得了肺炎,会有后遗症吗","宝宝得了肺炎,能吃火龙果吗",0
肺炎,"宝宝得了肺炎,会有后遗症吗","宝宝得了肺炎,能吃中成药吗",0
肺炎,"宝宝得了肺炎,会有后遗症吗","宝宝得了肺炎,能输液吗",0
肺炎,肺炎疫苗必须打吗,肺炎疫苗有必要打吗,1
肺炎,肺炎疫苗必须打吗,肺炎疫苗一定要打吗,1
肺炎,肺炎疫苗必须打吗,打过肺炎疫苗能喝酒吗,0
肺炎,肺炎疫苗必须打吗,什么时候打肺炎疫苗最好,0
肺炎,肺炎疫苗必须打吗,打过肺炎疫苗能洗澡吗,0
肺炎,23价肺炎疫苗要打几针可以呢?,打几针23价肺炎疫苗合适呢?,1
肺炎,23价肺炎疫苗要打几针可以呢?,23价肺炎疫苗要打多少针合适呢?,1
肺炎,23价肺炎疫苗要打几针可以呢?,23价肺炎疫苗打过有副作用,0
肺炎,23价肺炎疫苗要打几针可以呢?,什么时候打23价肺炎疫苗合适呢?,0
肺炎,23价肺炎疫苗要打几针可以呢?,打过23价肺炎疫苗应注意什么,0
肺炎,"1岁半宝宝,反复肺炎,怎么办",宝宝反复肺炎有什么办法,1
肺炎,"1岁半宝宝,反复肺炎,怎么办",宝宝反复肺炎怎样治疗,1
肺炎,"1岁半宝宝,反复肺炎,怎么办",宝宝反复肺炎会影响智力吗,0
肺炎,"1岁半宝宝,反复肺炎,怎么办",宝宝肺炎的症状是什么,0
肺炎,"1岁半宝宝,反复肺炎,怎么办",宝宝反复肺炎有后遗症吗,0
肺炎,1岁宝宝得了肺炎可以吃哪些水果,幼儿得了肺炎能吃什么水果,1
肺炎,1岁宝宝得了肺炎可以吃哪些水果,幼儿得了肺炎可不可吃水果,1
肺炎,1岁宝宝得了肺炎可以吃哪些水果,幼儿肺炎会影响智力吗,0
肺炎,1岁宝宝得了肺炎可以吃哪些水果,幼儿肺炎可以吃鸡蛋吗,0
肺炎,1岁宝宝得了肺炎可以吃哪些水果,幼儿肺炎怎样治疗,0
肺炎,肺炎支原体弱阳性怎么治疗,肺炎支原体弱阳性怎么办,1
肺炎,肺炎支原体弱阳性怎么治疗,肺炎支原体弱阳性怎样治愈,1
肺炎,肺炎支原体弱阳性怎么治疗,肺炎支原体是什么,0
肺炎,肺炎支原体弱阳性怎么治疗,肺炎支原体弱阳性和阴性的区别是什么,0
肺炎,肺炎支原体弱阳性怎么治疗,肺炎支原体能治愈吗,0
肺炎,肺炎治疗周期是多长,肺炎多长时间能好,1
肺炎,肺炎治疗周期是多长,肺炎治疗多久能痊愈,1
肺炎,肺炎治疗周期是多长,小儿肺炎容易治好吗,0
肺炎,肺炎治疗周期是多长,肺炎是怎么引起的,0
肺炎,肺炎治疗周期是多长,肺炎最佳治疗方案是什么,0
肺炎,肺炎支原体真的会传染吗?,肺炎支原体会不会传染,1
肺炎,肺炎支原体真的会传染吗?,肺炎支原体具有传染性吗,1
肺炎,肺炎支原体真的会传染吗?,肺炎支原体不能吃什么,0
肺炎,肺炎支原体真的会传染吗?,肺炎支原体的危害是什么,0
肺炎,肺炎支原体真的会传染吗?,肺炎支原体怎么治疗最好,0
肺炎,大人得了肺炎应该怎么治疗,成人得了肺炎如何进行治疗,1
肺炎,大人得了肺炎应该怎么治疗,成年人肺炎治疗方法有哪些,1
肺炎,大人得了肺炎应该怎么治疗,肺炎的临床表现是什么,0
肺炎,大人得了肺炎应该怎么治疗,肺炎疗效后注意什么,0
肺炎,大人得了肺炎应该怎么治疗,肺炎和吸烟有关系吗,0
肺炎,婴幼儿肺炎的症状是什么？,婴幼儿肺炎有什么症状,1
肺炎,婴幼儿肺炎的症状是什么？,婴幼儿肺炎的表现是什么,1
肺炎,婴幼儿肺炎的症状是什么？,怎样判断是肺炎还是支气管炎,0
肺炎,婴幼儿肺炎的症状是什么？,婴幼儿肺炎能不能输液,0
肺炎,婴幼儿肺炎的症状是什么？,孕妇得了肺炎有啥注意事项,0
肺炎,肺炎吃什么药,肺炎需要吃什么药,1
肺炎,肺炎吃什么药,肺炎什么药效果好,1
肺炎,肺炎吃什么药,肺炎是怎样引起 的,0
肺炎,肺炎吃什么药,肺炎能彻底治愈吗,0
肺炎,肺炎吃什么药,一直咳嗽是肺炎吗,0
肺炎,13价肺炎有必要打吗？,13价肺炎必须要打吗,1
肺炎,13价肺炎有必要打吗？,该不该打13价肺炎,1
肺炎,13价肺炎有必要打吗？,13价肺炎有风险吗,0
肺炎,13价肺炎有必要打吗？,多大的孩子可以打13价肺炎,0
肺炎,13价肺炎有必要打吗？,13价肺炎疫苗要打几针,0
肺炎,肺炎支原体能引起布氏感菌吗？,布氏杆菌是肺炎支原体引起的吗,1
肺炎,肺炎支原体能引起布氏感菌吗？,肺炎支原体和布氏杆菌的关系是什么,1
肺炎,肺炎支原体能引起布氏感菌吗？,布氏杆菌的危害是什么,0
肺炎,肺炎支原体能引起布氏感菌吗？,布氏杆菌病可以治愈吗,0
肺炎,肺炎支原体能引起布氏感菌吗？,布氏杆菌引起的疾病有多少,0
肺炎,得了肺炎怎么办,得了肺炎怎样治疗,1
肺炎,得了肺炎怎么办,得了肺炎如何治疗,1
肺炎,得了肺炎怎么办,肺炎可以剧烈运动吗,0
肺炎,得了肺炎怎么办,肺炎咳嗽不止怎么办,0
肺炎,得了肺炎怎么办,咳嗽引起的肺炎怎么办,0
肺炎,幼儿肺炎，出院一个星期还是咳嗽，怎么办,幼儿肺炎，出院一个星期还是咳嗽怎么回事,1
肺炎,幼儿肺炎，出院一个星期还是咳嗽，怎么办,幼儿肺炎，出院一个星期还是咳嗽该怎样做,1
肺炎,幼儿肺炎，出院一个星期还是咳嗽，怎么办,肺炎治愈后会反复吗,0
肺炎,幼儿肺炎，出院一个星期还是咳嗽，怎么办,幼儿肺炎和感冒有区别吗,0
肺炎,幼儿肺炎，出院一个星期还是咳嗽，怎么办,什么是小儿肺炎,0
肺炎,请问肺炎好转的表现是什么？,肺炎好转时有什么表现,1
肺炎,请问肺炎好转的表现是什么？,肺炎好转有什么迹象,1
肺炎,请问肺炎好转的表现是什么？,肺炎是肺部感染吗,0
肺炎,请问肺炎好转的表现是什么？,肺炎怎样能彻底治好,0
肺炎,请问肺炎好转的表现是什么？,肺炎需要隔离吗,0
肺炎,请问肺炎会反复发烧吗？,肺炎会引起反复发烧吗,1
肺炎,请问肺炎会反复发烧吗？,肺炎能导致反复发烧吗,1
肺炎,请问肺炎会反复发烧吗？,反复发烧怎么办,0
肺炎,请问肺炎会反复发烧吗？,反复发烧是什么原因,0
肺炎,请问肺炎会反复发烧吗？,反复发烧需要吃退烧药吗,0
肺炎,间质性肺炎能不能治好？,间质性肺炎可以治好吗,1
肺炎,间质性肺炎能不能治好？,间质性肺炎能治愈吗,1
肺炎,间质性肺炎能不能治好？,什么是间质性肺炎,0
肺炎,间质性肺炎能不能治好？,间质性肺炎的症状是什么,0
肺炎,间质性肺炎能不能治好？,是什么引起的间质性肺炎,0
肺炎,肺炎的症状是什么,肺炎的表现是什么,1
肺炎,肺炎的症状是什么,肺炎有什么症状,1
肺炎,肺炎的症状是什么,什么是肺炎,0
肺炎,肺炎的症状是什么,肺炎和肺癌的区别是什么,0
肺炎,肺炎的症状是什么,肺炎是发病部位具体是哪些组织,0
肺炎,肺炎，治疗一个星期，还要治疗多久,肺炎的治疗周期是多久,1
肺炎,肺炎，治疗一个星期，还要治疗多久,肺炎治疗需要多长时间,1
肺炎,肺炎，治疗一个星期，还要治疗多久,肺炎会复发吗,0
肺炎,肺炎，治疗一个星期，还要治疗多久,肺炎会留下病根吗,0
肺炎,肺炎，治疗一个星期，还要治疗多久,肺炎临床上怎么分型,0
肺炎,替硝唑片的作用是什么？,替硝唑片用途是什么,1
肺炎,替硝唑片的作用是什么？,替硝唑片是的功效是什么,1
肺炎,替硝唑片的作用是什么？,替硝唑片有副作用吗,0
肺炎,替硝唑片的作用是什么？,替硝唑片是消炎药吗,0
肺炎,替硝唑片的作用是什么？,替硝唑片可以和什么一起吃,0
肺炎,肺炎刚好，想给孩子吃点益生菌可以吗,肺炎好了孩子可以吃益生菌吗,1
肺炎,肺炎刚好，想给孩子吃点益生菌可以吗,肺炎好了孩子能不能吃益生菌,1
肺炎,肺炎刚好，想给孩子吃点益生菌可以吗,感冒可以吃益生菌吗,0
肺炎,肺炎刚好，想给孩子吃点益生菌可以吗,益生菌的作用是什么,0
肺炎,肺炎刚好，想给孩子吃点益生菌可以吗,幼儿吃益生菌好不好,0
肺炎,肺炎打针退烧了还咳嗽怎么办,肺炎退烧了还咳嗽怎样治疗,1
肺炎,肺炎打针退烧了还咳嗽怎么办,肺炎退烧了还咳嗽怎么治,1
肺炎,肺炎打针退烧了还咳嗽怎么办,肺炎退烧了是不是好了,0
肺炎,肺炎打针退烧了还咳嗽怎么办,肺炎必须要输液吗,0
肺炎,肺炎打针退烧了还咳嗽怎么办,肺炎会引起咳嗽吗,0
肺炎,请问感冒发烧肺炎怎么办？,感冒发烧肺炎该怎样治疗,1
肺炎,请问感冒发烧肺炎怎么办？,感冒发烧肺炎如何治疗,1
肺炎,请问感冒发烧肺炎怎么办？,发烧能引起肺炎吗,0
肺炎,请问感冒发烧肺炎怎么办？,不发烧的肺炎严重吗,0
肺炎,请问感冒发烧肺炎怎么办？,咳嗽发烧是肺炎吗,0
肺炎,请问孩子肺炎要治疗多久,请问孩子肺炎治疗多长时间能好,1
肺炎,请问孩子肺炎要治疗多久,孩子肺炎多久能治愈吗,1
肺炎,请问孩子肺炎要治疗多久,孩子肺炎可以雾化吗,0
肺炎,请问孩子肺炎要治疗多久,孩子肺炎是怎样引起的,0
肺炎,请问孩子肺炎要治疗多久,孩子肺炎对孩子身体发育有影响吗,0
肺炎,心脏衰竭怎么治疗？,心脏衰竭如何治疗,1
肺炎,心脏衰竭怎么治疗？,心脏衰竭该怎么办,1
肺炎,心脏衰竭怎么治疗？,心脏衰竭是怎么引起的,0
肺炎,心脏衰竭怎么治疗？,如何检查心脏衰竭,0
肺炎,心脏衰竭怎么治疗？,心脏衰竭能活多久,0
肺炎,请问肺炎能引起氮质血症吗？,肺炎可以引起氮质血症吗,1
肺炎,请问肺炎能引起氮质血症吗？,氮质血症能否由肺炎引起,1
肺炎,请问肺炎能引起氮质血症吗？,氮质血症是什么病,0
肺炎,请问肺炎能引起氮质血症吗？,氮质血症的症状是什么,0
肺炎,请问肺炎能引起氮质血症吗？,氮质血症为什么会贫血,0
肺炎,请问曾肺炎现在肺经常不舒服该怎么办？,曾得过肺炎现在肺经常不舒服可以怎么治疗,1
肺炎,请问曾肺炎现在肺经常不舒服该怎么办？,以前有肺炎现在肺经常不舒服有什么方法,1
肺炎,请问曾肺炎现在肺经常不舒服该怎么办？,肺部不舒服是肺炎吗,0
肺炎,请问曾肺炎现在肺经常不舒服该怎么办？,什么症状确定是肺炎,0
肺炎,请问曾肺炎现在肺经常不舒服该怎么办？,肺炎会经常咳嗽吗,0
肺炎,请问四岁宝宝三天前检查出肺炎怎么办？,宝宝得了肺炎怎样治疗,1
肺炎,请问四岁宝宝三天前检查出肺炎怎么办？,宝宝得了肺炎如何治疗,1
肺炎,请问四岁宝宝三天前检查出肺炎怎么办？,孕妇得了肺炎如何救治,0
肺炎,请问四岁宝宝三天前检查出肺炎怎么办？,肺炎的症状有哪些,0
肺炎,请问四岁宝宝三天前检查出肺炎怎么办？,肺炎可以不用抗生素吗,0
肺炎,请问多吃菠菜对肺炎的影响是什么？,多吃菠菜对肺炎有影响吗,1
肺炎,请问多吃菠菜对肺炎的影响是什么？,肺炎可以多吃菠菜吗,1
肺炎,请问多吃菠菜对肺炎的影响是什么？,吃菠菜有什么好处,0
肺炎,请问多吃菠菜对肺炎的影响是什么？,什么病不能吃菠菜,0
肺炎,请问多吃菠菜对肺炎的影响是什么？,哪些菜不适合肺炎患者吃,0
肺炎,急支糖浆治疗肺炎可以吗？,急支糖浆能治疗肺炎吗？,1
肺炎,急支糖浆治疗肺炎可以吗？,急支糖浆可以治疗肺炎吗？,1
肺炎,急支糖浆治疗肺炎可以吗？,肺炎支原体感染咳嗽怎么办？,0
肺炎,急支糖浆治疗肺炎可以吗？,"支原体肺炎轻微咳嗽,吃药可以好吗？",0
肺炎,急支糖浆治疗肺炎可以吗？,"小孩支原体肺炎感染,咳嗽,要多久能恢复？",0
肺炎,非典型肺炎的致病病毒属于超抗原吗?,非典型肺炎的致病病毒是不是超抗原？,1
肺炎,非典型肺炎的致病病毒属于超抗原吗?,非典型肺炎的致病病毒属不属于超抗原？,1
肺炎,非典型肺炎的致病病毒属于超抗原吗?,非典型性肺炎是由什么病毒引起的？,0
肺炎,非典型肺炎的致病病毒属于超抗原吗?,非典型性肺炎有哪些症状？,0
肺炎,非典型肺炎的致病病毒属于超抗原吗?,非典型肺炎的致病病毒能治吗？,0
肺炎,链球菌肺炎，有痛尿病用什么药好？,链球菌肺炎，有痛尿病适宜服用哪种药？,1
肺炎,链球菌肺炎，有痛尿病用什么药好？,链球菌肺炎，有痛尿病该用怎样的药好？,1
肺炎,链球菌肺炎，有痛尿病用什么药好？,链球菌肺炎有哪些症状？,0
肺炎,链球菌肺炎，有痛尿病用什么药好？,链球菌肺炎好治吗？,0
肺炎,链球菌肺炎，有痛尿病用什么药好？,链球菌肺炎该怎么治疗？,0
肺炎,小孩肺炎严重吗，要怎么预防,小孩肺炎该如何预防，这种病严不严重？,1
肺炎,小孩肺炎严重吗，要怎么预防,小孩肺炎是严重的病吗？怎么能预防？,1
肺炎,小孩肺炎严重吗，要怎么预防,小孩肺炎有哪些症状？,0
肺炎,小孩肺炎严重吗，要怎么预防,怎么引起的小孩肺炎？,0
肺炎,小孩肺炎严重吗，要怎么预防,小孩肺炎能吃什么药？,0
肺炎,接种了HIB孩要接种肺炎疫苗吗？,打了HIB疫苗还有必要打肺炎疫苗吗?,1
肺炎,接种了HIB孩要接种肺炎疫苗吗？,接种了HIB还要不要接种肺炎疫苗？,1
肺炎,接种了HIB孩要接种肺炎疫苗吗？,HIB疫苗是预防肺炎的吗？,0
肺炎,接种了HIB孩要接种肺炎疫苗吗？,HIB疫苗最好什么时候打？,0
肺炎,接种了HIB孩要接种肺炎疫苗吗？,四联疫苗里包涵HIB和肺炎疫苗有冲突吗？,0
肺炎,肺炎幼儿吃什么饮食好？,小儿肺炎吃什么食物好呀？,1
肺炎,肺炎幼儿吃什么饮食好？,小儿肺炎的饮食应多吃什么食物？,1
肺炎,肺炎幼儿吃什么饮食好？,宝宝肺炎有什么症状？,0
肺炎,肺炎幼儿吃什么饮食好？,想了解下小儿肺炎怎么治疗啊？,0
肺炎,肺炎幼儿吃什么饮食好？,小儿的肺炎治疗方法有什么？,0
肺炎,肺炎支原体阳性是什么意思?,肺炎支原体阳性指什么？,1
肺炎,肺炎支原体阳性是什么意思?,肺炎支原体阳性代表什么？,1
肺炎,肺炎支原体阳性是什么意思?,肺炎支原体阳性会引发什么病？？,0
肺炎,肺炎支原体阳性是什么意思?,肺炎支原体阳性是什么原因导致的,0
肺炎,肺炎支原体阳性是什么意思?,肺炎支原体阳性怎么治？,0
肺炎,巴斯德菌肺炎如何诊断检查,巴斯德菌肺炎要怎么诊断检查？,1
肺炎,巴斯德菌肺炎如何诊断检查,诊断巴斯德菌肺炎要怎么检查？,1
肺炎,巴斯德菌肺炎如何诊断检查,巴斯德菌肺炎有哪些症状？,0
肺炎,巴斯德菌肺炎如何诊断检查,巴斯德菌肺炎有什么治疗方法？,0
肺炎,巴斯德菌肺炎如何诊断检查,巴斯德菌肺炎是什么引发的？,0
肺炎,绿脓杆菌肺炎的治疗方法有哪些,绿脓杆菌肺炎的治疗方法是什么？,1
肺炎,绿脓杆菌肺炎的治疗方法有哪些,治疗绿脓杆菌肺炎有什么方案？,1
肺炎,绿脓杆菌肺炎的治疗方法有哪些,绿脓杆菌肺炎是什么？,0
肺炎,绿脓杆菌肺炎的治疗方法有哪些,绿脓杆菌肺炎有什么症状？,0
肺炎,绿脓杆菌肺炎的治疗方法有哪些,绿脓杆菌肺炎是什么引发的？,0
肺炎,产前、产时感染性肺炎的治疗方法有哪些,产前、产时感染性肺炎有什么治疗方法？,1
肺炎,产前、产时感染性肺炎的治疗方法有哪些,产前、产时感染性肺炎的治疗方法是什么？,1
肺炎,产前、产时感染性肺炎的治疗方法有哪些,产前、产时感染性肺炎有哪些症状？,0
肺炎,产前、产时感染性肺炎的治疗方法有哪些,产前、产时感染性肺炎是怎么回事？,0
肺炎,产前、产时感染性肺炎的治疗方法有哪些,产前、产时感染性肺炎能吃什么？,0
肺炎,卡氏肺孢子虫性肺炎的症状有哪些,卡氏肺孢子虫性肺炎有什么症状？,1
肺炎,卡氏肺孢子虫性肺炎的症状有哪些,卡氏肺孢子虫性肺炎的症状是什么？,1
肺炎,卡氏肺孢子虫性肺炎的症状有哪些,卡氏肺孢子虫性肺炎是什么？,0
肺炎,卡氏肺孢子虫性肺炎的症状有哪些,卡氏肺孢子虫性肺炎有哪些治疗方法？,0
肺炎,卡氏肺孢子虫性肺炎的症状有哪些,卡氏肺孢子虫性肺炎是什么导致的？,0
肺炎,钩虫性肺炎的治疗方法有哪些,钩虫性肺炎有什么治疗方法？,1
肺炎,钩虫性肺炎的治疗方法有哪些,钩虫性肺炎该怎么治？,1
肺炎,钩虫性肺炎的治疗方法有哪些,钩虫性肺炎是什么？,0
肺炎,钩虫性肺炎的治疗方法有哪些,钩虫性肺炎有什么症状？,0
肺炎,钩虫性肺炎的治疗方法有哪些,钩虫性肺炎吃什么食物效果好？,0
肺炎,产前、产时感染性肺炎的症状有哪些,产前、产时感染性肺炎有什么症状？,1
肺炎,产前、产时感染性肺炎的症状有哪些,产前、产时感染性肺炎的症状表现是什么？,1
肺炎,产前、产时感染性肺炎的症状有哪些,产前、产时感染性肺炎的治疗方法是什么？,0
肺炎,产前、产时感染性肺炎的症状有哪些,产前、产时感染性肺炎是怎么回事？,0
肺炎,产前、产时感染性肺炎的症状有哪些,产前、产时感染性肺炎吃什么药？,0
肺炎,沙雷菌肺炎的症状有哪些,沙雷菌肺炎的症状表现是什么？,1
肺炎,沙雷菌肺炎的症状有哪些,沙雷菌肺炎有什么症状？,1
肺炎,沙雷菌肺炎的症状有哪些,沙雷菌肺炎是什么？,0
肺炎,沙雷菌肺炎的症状有哪些,治疗沙雷菌肺炎有什么方法？,0
肺炎,沙雷菌肺炎的症状有哪些,沙雷菌肺炎病因是什么？,0
肺炎,鼻疽假单胞菌肺炎的治疗方法有哪些,鼻疽假单胞菌肺炎有怎样的治疗办法？,1
肺炎,鼻疽假单胞菌肺炎的治疗方法有哪些,鼻疽假单胞菌肺炎的治疗方法是什么？,1
肺炎,鼻疽假单胞菌肺炎的治疗方法有哪些,鼻疽假单胞菌肺炎是什么病？,0
肺炎,鼻疽假单胞菌肺炎的治疗方法有哪些,鼻疽假单胞菌肺炎有哪些症状？,0
肺炎,鼻疽假单胞菌肺炎的治疗方法有哪些,鼻疽假单胞菌肺炎在饮食上要注意什么？,0
肺炎,呼吸道合胞病毒肺炎的症状有哪些,呼吸道合胞病毒肺炎有哪些症状？,1
肺炎,呼吸道合胞病毒肺炎的症状有哪些,呼吸道合胞病毒肺炎有什么临床表现？,1
肺炎,呼吸道合胞病毒肺炎的症状有哪些,呼吸道合胞病毒肺炎如何治疗好？,0
肺炎,呼吸道合胞病毒肺炎的症状有哪些,呼吸道合胞病毒肺炎严重吗？,0
肺炎,呼吸道合胞病毒肺炎的症状有哪些,什么是呼吸道合胞病毒肺炎？,0
肺炎,肺炎克雷伯杆菌肺炎的治疗方法有哪些,克雷伯杆菌肺炎治疗方法有什么？,1
肺炎,肺炎克雷伯杆菌肺炎的治疗方法有哪些,克雷伯杆菌肺炎有什么治疗方案？,1
肺炎,肺炎克雷伯杆菌肺炎的治疗方法有哪些,克雷伯杆菌肺炎是什么病？,0
肺炎,肺炎克雷伯杆菌肺炎的治疗方法有哪些,肺炎克雷伯杆菌怎么消毒？,0
肺炎,肺炎克雷伯杆菌肺炎的治疗方法有哪些,小儿克雷伯杆菌肺炎怎么治疗好的快？,0
肺炎,手术后和创伤后肺炎如何保健护理,手术后和创伤后肺炎该怎么保健护理？,1
肺炎,手术后和创伤后肺炎如何保健护理,手术后和创伤后肺炎保健护理怎么做？,1
肺炎,手术后和创伤后肺炎如何保健护理,手术后和创伤后肺炎怎么预防？,0
肺炎,手术后和创伤后肺炎如何保健护理,手术后和创伤后肺炎要怎么办？,0
肺炎,手术后和创伤后肺炎如何保健护理,什么是手术后和创伤后肺炎？,0
肺炎,大肠埃希杆菌肺炎的治疗方法有哪些,大肠埃希杆菌肺炎治疗方法是什么？,1
肺炎,大肠埃希杆菌肺炎的治疗方法有哪些,大肠埃希杆菌肺炎有什么治疗方法？,1
肺炎,大肠埃希杆菌肺炎的治疗方法有哪些,什么是大肠埃希杆菌肺炎？,0
肺炎,大肠埃希杆菌肺炎的治疗方法有哪些,大肠埃希杆菌肺炎怎么预防？,0
肺炎,大肠埃希杆菌肺炎的治疗方法有哪些,大肠稀埃菌肺炎恢复期症状是什么？,0
肺炎,米氏链球菌肺炎如何诊断检查,怎么确诊米氏链球菌肺炎？,1
肺炎,米氏链球菌肺炎如何诊断检查,米氏链球菌肺炎要怎么诊断检查？,1
肺炎,米氏链球菌肺炎如何诊断检查,米氏链球菌肺炎是什么病？,0
肺炎,米氏链球菌肺炎如何诊断检查,米氏链球菌肺炎有哪些症状？,0
肺炎,米氏链球菌肺炎如何诊断检查,米氏链球菌肺炎要注意什么？,0
肺炎,消散延迟性肺炎如何诊断检查,要怎么诊断消散延迟性肺炎？,1
肺炎,消散延迟性肺炎如何诊断检查,消散延迟性肺炎该怎么诊断检查？,1
肺炎,消散延迟性肺炎如何诊断检查,什么是消散延迟性肺炎？,0
肺炎,消散延迟性肺炎如何诊断检查,消散延迟性肺炎有哪些症状？,0
肺炎,消散延迟性肺炎如何诊断检查,消散延迟性肺炎怎么治？,0
肺炎,宝宝多大适合打肺炎球菌疫苗？,肺炎球菌疫苗宝宝多大的时候打合适？,1
肺炎,宝宝多大适合打肺炎球菌疫苗？,宝宝多大能打预防肺炎球菌的疫苗？,1
肺炎,宝宝多大适合打肺炎球菌疫苗？,宝宝肺炎预防针有无副作用？,0
肺炎,宝宝多大适合打肺炎球菌疫苗？,肺炎疫苗有没有必要给宝宝打？,0
肺炎,宝宝多大适合打肺炎球菌疫苗？,肺炎疫苗会致命？,0
肺炎,肺炎球菌采取什么卧位？,肺炎球菌采取怎样的卧位？,1
肺炎,肺炎球菌采取什么卧位？,肺炎球菌宜采取什么样卧位？,1
肺炎,肺炎球菌采取什么卧位？,隐球菌肺炎应如何治疗？,0
肺炎,肺炎球菌采取什么卧位？,机化性肺炎有什么表现症状？,0
肺炎,肺炎球菌采取什么卧位？,什么是肺炎支原体？,0
肺炎,7价肺炎疫苗打完周围发红是怎么回事？,7价肺炎疫苗打完周围发红是什么原因？,1
肺炎,7价肺炎疫苗打完周围发红是怎么回事？,为什么7价肺炎疫苗打完周围发红？,1
肺炎,7价肺炎疫苗打完周围发红是怎么回事？,7价肺炎疫苗适合多大的人打？,0
肺炎,7价肺炎疫苗打完周围发红是怎么回事？,7价肺炎疫苗有副作用吗？,0
肺炎,7价肺炎疫苗打完周围发红是怎么回事？,7价肺炎疫苗打完周围发红没事？,0
肺炎,引发非典型肺炎的原因?,非典型肺炎的病因是什么？,1
肺炎,引发非典型肺炎的原因?,什么会导致非典型肺炎？,1
肺炎,引发非典型肺炎的原因?,非典型肺炎的致病病毒能治吗？,0
肺炎,引发非典型肺炎的原因?,非典型肺炎是什么？,0
肺炎,引发非典型肺炎的原因?,非典型肺炎有什么症状？,0
肺炎,得过肺炎的老人能否接种23价肺炎疫苗？,得过肺炎的老人可以接种23价肺炎疫苗吗？,1
肺炎,得过肺炎的老人能否接种23价肺炎疫苗？,得过肺炎的老人能接种23价肺炎疫苗吗？,1
肺炎,得过肺炎的老人能否接种23价肺炎疫苗？,什么人群适合接种23价肺炎疫苗？,0
肺炎,得过肺炎的老人能否接种23价肺炎疫苗？,接种23价肺炎疫苗有副作用吗？,0
肺炎,得过肺炎的老人能否接种23价肺炎疫苗？,得过肺炎的老人怎么治？,0
肺炎,肺炎链球菌性肺炎吃什么药？,肺炎链球菌性肺炎吃什么药可以治疗?,1
肺炎,肺炎链球菌性肺炎吃什么药？,肺炎链球菌性肺炎要吃哪些药？,1
肺炎,肺炎链球菌性肺炎吃什么药？,什么是肺炎链球菌肺炎？,0
肺炎,肺炎链球菌性肺炎吃什么药？,肺炎链球菌肺炎的临床表现是什么？,0
肺炎,肺炎链球菌性肺炎吃什么药？,肺炎链球菌性肺炎怎么诊断？,0
肺炎,肺炎支原体阳性吃什么药？,肺炎支原体阳性适宜吃什么药？,1
肺炎,肺炎支原体阳性吃什么药？,肺炎支原体阳性患者该吃什么药？,1
肺炎,肺炎支原体阳性吃什么药？,肺炎支原体阳性是什么原因导致的？,0
肺炎,肺炎支原体阳性吃什么药？,肺炎支原体阳性是什么？,0
肺炎,肺炎支原体阳性吃什么药？,肺炎支原体阳性怎么治？,0
肺炎,宝宝有必要打肺炎疫苗吗？,宝宝需要打肺炎疫苗吗？,1
肺炎,宝宝有必要打肺炎疫苗吗？,宝宝要不要打肺炎疫苗？,1
肺炎,宝宝有必要打肺炎疫苗吗？,宝宝打肺炎疫苗都有什么反应？,0
肺炎,宝宝有必要打肺炎疫苗吗？,宝宝肺炎有什么症状？,0
肺炎,宝宝有必要打肺炎疫苗吗？,宝宝打肺炎疫苗没有用吗？,0
肺炎,淋巴细胞性间质性肺炎如何食疗,淋巴细胞性间质性肺炎食疗怎么治？,1
肺炎,淋巴细胞性间质性肺炎如何食疗,淋巴细胞性间质性肺炎该怎么食疗？,1
肺炎,淋巴细胞性间质性肺炎如何食疗,淋巴细胞性间质性肺炎是什么？,0
肺炎,淋巴细胞性间质性肺炎如何食疗,淋巴细胞性间质性肺炎有哪些症状？,0
肺炎,淋巴细胞性间质性肺炎如何食疗,淋巴细胞性间质性肺炎严重吗？,0
肺炎,弗郎西丝菌肺炎如何食疗,弗郎西丝菌肺炎食疗方法是什么？,1
肺炎,弗郎西丝菌肺炎如何食疗,弗郎西丝菌肺炎在饮食上如何治疗？,1
肺炎,弗郎西丝菌肺炎如何食疗,弗郎西丝菌肺炎是什么？,0
肺炎,弗郎西丝菌肺炎如何食疗,弗郎西丝菌肺炎有得治吗？,0
肺炎,弗郎西丝菌肺炎如何食疗,弗郎西丝菌肺炎都有哪些症状？,0
肺炎,产碱杆菌肺炎的症状有哪些,产碱杆菌肺炎的症状表现是什么？,1
肺炎,产碱杆菌肺炎的症状有哪些,产碱杆菌肺炎有什么样的临床表现？,1
肺炎,产碱杆菌肺炎的症状有哪些,产碱杆菌肺炎是什么病？,0
肺炎,产碱杆菌肺炎的症状有哪些,肺炎吃什么菜好？,0
肺炎,产碱杆菌肺炎的症状有哪些,支原体肺炎有什么症状？,0
肺炎,摩根菌肺炎的症状有哪些,请问摩根菌肺炎症状表现是什么？,1
肺炎,摩根菌肺炎的症状有哪些,摩根菌肺炎有什么症状？,1
肺炎,摩根菌肺炎的症状有哪些,什么导致的摩根菌肺炎？,0
肺炎,摩根菌肺炎的症状有哪些,什么是摩根菌肺炎？,0
肺炎,摩根菌肺炎的症状有哪些,怎么治疗摩根菌肺炎？,0
肺炎,布氏菌肺炎如何诊断检查,如何确诊布氏菌肺炎如何？,1
肺炎,布氏菌肺炎如何诊断检查,布氏菌肺炎要怎么诊断检查？,1
肺炎,布氏菌肺炎如何诊断检查,什么是布氏菌肺炎？,0
肺炎,布氏菌肺炎如何诊断检查,布氏菌肺炎有哪些症状？,0
肺炎,布氏菌肺炎如何诊断检查,布氏菌肺炎有怎样的治疗办法？,0
肺炎,不动杆菌肺炎的症状有哪些,不动杆菌肺炎有哪些症状？,1
肺炎,不动杆菌肺炎的症状有哪些,不动杆菌肺炎有什么样的症状？,1
肺炎,不动杆菌肺炎的症状有哪些,新生儿肺炎感染鲍曼会有什么并发症？,0
肺炎,不动杆菌肺炎的症状有哪些,肺部感染鲍曼不动杆菌会怎么样？,0
肺炎,不动杆菌肺炎的症状有哪些,什么是不动杆菌肺炎？,0
肺炎,铜绿假单胞菌肺炎的治疗方法有哪些,铜绿假单胞菌肺炎有什么治疗方案？,1
肺炎,铜绿假单胞菌肺炎的治疗方法有哪些,铜绿假单胞菌肺炎的治疗方法是什么？,1
肺炎,铜绿假单胞菌肺炎的治疗方法有哪些,铜绿假单胞菌肺炎如何用药？,0
肺炎,铜绿假单胞菌肺炎的治疗方法有哪些,铜绿假单胞菌肺炎是怎么回事？,0
肺炎,铜绿假单胞菌肺炎的治疗方法有哪些,请问铜绿假单胞菌肺炎症状是什么？,0
肺炎,洋葱假单胞菌肺炎如何诊断检查,洋葱假单胞菌肺炎该怎么诊断检查？,1
肺炎,洋葱假单胞菌肺炎如何诊断检查,如何确诊洋葱假单胞菌肺炎？,1
肺炎,洋葱假单胞菌肺炎如何诊断检查,什么是洋葱假单胞菌肺炎？,0
肺炎,洋葱假单胞菌肺炎如何诊断检查,洋葱假单胞菌肺炎有哪些症状？,0
肺炎,洋葱假单胞菌肺炎如何诊断检查,洋葱假单胞菌肺炎该怎么治疗？,0
肺炎,肺炎链球菌肺炎的病因是什么的问题？,引起肺炎链球菌肺炎的原因是什么？,1
肺炎,肺炎链球菌肺炎的病因是什么的问题？,肺炎链球菌肺炎是怎么引发的？,1
肺炎,肺炎链球菌肺炎的病因是什么的问题？,肺炎链球菌性肺炎怎么治？,0
肺炎,肺炎链球菌肺炎的病因是什么的问题？,什么是肺炎链球菌肺炎？,0
肺炎,肺炎链球菌肺炎的病因是什么的问题？,肺炎链球菌性肺炎怎么诊断？,0
肺炎,宝宝两个月吐唾液一般肺炎有哪些症状？,宝宝两个月吐唾液一般肺炎有什么症状？,1
肺炎,宝宝两个月吐唾液一般肺炎有哪些症状？,宝宝两个月吐唾液一般肺炎的症状表现是什么？,1
肺炎,宝宝两个月吐唾液一般肺炎有哪些症状？,婴儿吐唾沫就是肺炎吗？,0
肺炎,宝宝两个月吐唾液一般肺炎有哪些症状？,宝宝两个月吐唾液是怎么回事？,0
肺炎,宝宝两个月吐唾液一般肺炎有哪些症状？,宝宝两个月吐唾液怎么办？,0
肺炎,肺炎双球菌感染怎么治疗效果好？,肺炎双球菌感染怎么治疗管用？,1
肺炎,肺炎双球菌感染怎么治疗效果好？,治疗肺炎双球菌感染怎样能效果好？,1
肺炎,肺炎双球菌感染怎么治疗效果好？,肺炎双球菌感染是怎么回事？,0
肺炎,肺炎双球菌感染怎么治疗效果好？,肺炎双球菌感染有什么症状？,0
肺炎,肺炎双球菌感染怎么治疗效果好？,肺炎双球菌感染是什么原因？,0
肺炎,肺炎怎么治疗怎样医法?,肺炎要如何治疗怎么个医法？,1
肺炎,肺炎怎么治疗怎样医法?,肺炎需要怎么治疗，治疗方法有什么？,1
肺炎,肺炎怎么治疗怎样医法?,肺炎有哪些症状？,0
肺炎,肺炎怎么治疗怎样医法?,肺炎是什么引起来的？,0
肺炎,肺炎怎么治疗怎样医法?,什么是肺炎？,0
肺炎,肺炎发热高烧，好治吗？,孩子发烧得肺炎好治吗？,1
肺炎,肺炎发热高烧，好治吗？,肺炎发热高烧容易治吗？,1
肺炎,肺炎发热高烧，好治吗？,孩子咳嗽能不能引起肺炎啊？,0
肺炎,肺炎发热高烧，好治吗？,孩子支气管肺炎反复发烧怎么办？,0
肺炎,肺炎发热高烧，好治吗？,肺炎感冒发烧可以中医治疗吗？,0
肺炎,宝宝轻微肺炎有什么症状,宝宝轻度肺炎的症状是什么样的？,1
肺炎,宝宝轻微肺炎有什么症状,婴儿轻度肺炎有哪些症状？,1
肺炎,宝宝轻微肺炎有什么症状,宝宝肺炎可以吃什么药？,0
肺炎,宝宝轻微肺炎有什么症状,宝宝轻微肺炎是什么引起的？,0
肺炎,宝宝轻微肺炎有什么症状,宝宝轻微肺炎怎么治疗？,0
感冒,宝宝流鼻涕，属于感冒吗,宝宝流鼻涕，算是感冒吗,1
感冒,宝宝流鼻涕，属于感冒吗,宝宝流鼻涕，是感冒了吗,1
感冒,宝宝流鼻涕，属于感冒吗,宝宝流鼻涕，吃小儿感冒颗粒可以吗,0
感冒,宝宝流鼻涕，属于感冒吗,宝宝流鼻涕，不吃药注意保暖行吗,0
感冒,宝宝流鼻涕，属于感冒吗,宝宝流鼻涕咳嗽怎么办,0
感冒,宝宝胃肠性感冒的症状表现是什么,宝宝胃肠性感冒的症状表现有什么,1
感冒,宝宝胃肠性感冒的症状表现是什么,宝宝胃肠性感冒的症状表现有哪些,1
感冒,宝宝胃肠性感冒的症状表现是什么,宝宝胃肠性感冒是细菌感染吗,0
感冒,宝宝胃肠性感冒的症状表现是什么,宝宝胃肠性感冒能吃什么药,0
感冒,宝宝胃肠性感冒的症状表现是什么,多大的宝宝容易患胃肠性感冒,0
感冒,一般感冒药吃多了会导致月经推迟吗？,经常吃感冒药会引起月经推迟吗？,1
感冒,一般感冒药吃多了会导致月经推迟吗？,女孩子感冒药吃多了会不会月经推迟？,1
感冒,一般感冒药吃多了会导致月经推迟吗？,一般感冒药吃多会对身体造成伤害吗,0
感冒,一般感冒药吃多了会导致月经推迟吗？,一般感冒用吃抗病毒的要吗？,0
感冒,一般感冒药吃多了会导致月经推迟吗？,什么情况下会导致月经推迟？,0
感冒,排卵期感冒了，对怀孕有影响吗,排卵期感冒了，能怀孕吗,1
感冒,排卵期感冒了，对怀孕有影响吗,排卵期感冒了，能不能怀孕,1
感冒,排卵期感冒了，对怀孕有影响吗,排卵期感冒了，可以喝红糖生姜水吗,0
感冒,排卵期感冒了，对怀孕有影响吗,排卵期感冒是不是抵抗力下降,0
感冒,排卵期感冒了，对怀孕有影响吗,排卵期感冒喝板蓝根行吗,0
感冒,孕妇感冒喝姜汤红糖水行吗,怀孕3个月妈妈感冒能喝姜汤红糖水吗,1
感冒,孕妇感冒喝姜汤红糖水行吗,怀孕3个月妈妈感冒可以喝姜汤红糖水吗,1
感冒,孕妇感冒喝姜汤红糖水行吗,老人感冒喝姜汤红糖水行吗,0
感冒,孕妇感冒喝姜汤红糖水行吗,宝宝感冒喝姜汤红糖水行吗,0
感冒,孕妇感冒喝姜汤红糖水行吗,孩子感冒多吃水果蔬菜可以吗,0
感冒,怀孕21周，感冒了怎么办？,怀孕21周，感冒了有什么办法？,1
感冒,怀孕21周，感冒了怎么办？,怀孕期间不小心感冒了该怎么办？,1
感冒,怀孕21周，感冒了怎么办？,怀孕21周，感冒了嗓子疼能喝双黄连口服液吗,0
感冒,怀孕21周，感冒了怎么办？,怀孕21周，感冒了可以吃盐蒸橙子吗？,0
感冒,怀孕21周，感冒了怎么办？,感冒发烧了必须化验血吗？,0
感冒,宝宝流鼻涕咳嗽吃什么药,宝宝流鼻涕咳嗽需要吃什么药,1
感冒,宝宝流鼻涕咳嗽吃什么药,宝宝流鼻涕咳嗽应该开些什么药,1
感冒,宝宝流鼻涕咳嗽吃什么药,宝宝流鼻涕咳嗽是抵抗力弱的表现吗,0
感冒,宝宝流鼻涕咳嗽吃什么药,宝宝流鼻涕咳嗽可以吃小儿氨酚黄那敏颗粒吗,0
感冒,宝宝流鼻涕咳嗽吃什么药,宝宝流鼻涕可以用鼻喷剂吗,0
感冒,妈妈感冒了还可以喂奶吗？,妈妈感冒了还能喂奶吗？,1
感冒,妈妈感冒了还可以喂奶吗？,妈妈感冒了宝宝能吃奶吗？,1
感冒,妈妈感冒了还可以喂奶吗？,妈妈感冒了需要和宝宝分开吗？,0
感冒,妈妈感冒了还可以喂奶吗？,妈妈感冒了能传染给宝宝吗？,0
感冒,妈妈感冒了还可以喂奶吗？,感冒了必须喝抗病毒的药吗？,0
感冒,请问怀孕感冒能吃药吗？,请问怀孕感冒可以吃药吗？,1
感冒,请问怀孕感冒能吃药吗？,请问怀孕感冒能不能吃药？,1
感冒,请问怀孕感冒能吃药吗？,请问怀孕感冒头疼能吃止痛片吗？,0
感冒,请问怀孕感冒能吃药吗？,怀孕感冒了必须增加营养吗？,0
感冒,请问怀孕感冒能吃药吗？,请问怀孕感冒喝葱姜水行吗？,0
感冒,请问病毒性感冒症状有哪些？,请问病毒性感冒症状有几种？,1
感冒,请问病毒性感冒症状有哪些？,请问哪几个方面说明孩子是病毒性感冒？,1
感冒,请问病毒性感冒症状有哪些？,病毒性感冒必须用抗病毒的药吗？,0
感冒,请问病毒性感冒症状有哪些？,病毒性感冒可以喝红糖姜糖水吗？,0
感冒,请问病毒性感冒症状有哪些？,鼻塞流鼻涕是病毒性感冒症状吗？,0
感冒,擤鼻涕把耳朵堵了怎么办,孩子擤鼻涕耳朵被堵了怎么办,1
感冒,擤鼻涕把耳朵堵了怎么办,怎样处理擤鼻涕堵了耳朵,1
感冒,擤鼻涕把耳朵堵了怎么办,受凉会不会引起擤鼻涕把耳朵堵了呢,0
感冒,擤鼻涕把耳朵堵了怎么办,擤鼻涕把耳朵堵了，耳朵会聋吗,0
感冒,擤鼻涕把耳朵堵了怎么办,打喷嚏把耳朵堵了药物能治吗,0
感冒,擤鼻涕把耳朵堵了怎么办,我感冒了然后擤了鼻涕耳朵，感觉有点堵，怎么办？,1
感冒,擤鼻涕把耳朵堵了怎么办,擤鼻涕把耳朵堵了该怎么做？,1
感冒,擤鼻涕把耳朵堵了怎么办,耳朵堵了可以吃什么药？,0
感冒,擤鼻涕把耳朵堵了怎么办,耳朵堵了会聋吗？,0
感冒,擤鼻涕把耳朵堵了怎么办,耳朵堵会引起什么疾病？,0
感冒,擤鼻涕把耳朵堵了怎么办,擤鼻涕把耳朵堵了应该怎么办,1
感冒,擤鼻涕把耳朵堵了怎么办,擤鼻涕把耳朵堵了怎么解决,1
感冒,擤鼻涕把耳朵堵了怎么办,擤鼻涕把耳朵堵了用去医院吗,0
感冒,擤鼻涕把耳朵堵了怎么办,擤鼻涕把耳朵堵了会造成耳鸣吗,0
感冒,擤鼻涕把耳朵堵了怎么办,应该采用什么姿势擤鼻涕,0
感冒,五十天宝宝突然吐奶严重，是不是感冒了,两个月的孩子突然吐奶很厉害，是不是感冒了,1
感冒,五十天宝宝突然吐奶严重，是不是感冒了,五十天宝宝突然吐奶严重，是感冒了吗,1
感冒,五十天宝宝突然吐奶严重，是不是感冒了,五十天宝宝突然吐奶严重需要做手术吗,0
感冒,五十天宝宝突然吐奶严重，是不是感冒了,受凉会导致宝宝突然吐奶严重吗,0
感冒,五十天宝宝突然吐奶严重，是不是感冒了,五十天宝宝突然吐奶严重，是喂奶的方式不对吗,0
感冒,孕妇能喝姜汤红糖水吗感冒了,感冒了孕妇能喝姜汤红糖水吗,1
感冒,孕妇能喝姜汤红糖水吗感冒了,孕妇感冒能喝姜汤红糖水吗,1
感冒,孕妇能喝姜汤红糖水吗感冒了,怀孕3个月妈妈能喝姜汤红糖水吗,0
感冒,孕妇能喝姜汤红糖水吗感冒了,喝姜汤红糖水预防感冒吗,0
感冒,孕妇能喝姜汤红糖水吗感冒了,怀孕10周的妈妈发烧了喝葱姜水胎儿有影响吗,0
感冒,孕妇能喝姜汤红糖水吗感冒了,孕妇感冒了能喝姜汤红糖水吗,1
感冒,孕妇能喝姜汤红糖水吗感冒了,孕妇能不能喝姜汤红糖水,1
感冒,孕妇能喝姜汤红糖水吗感冒了,感冒可以多喝白开水,0
感冒,孕妇能喝姜汤红糖水吗感冒了,孕妇嗓子疼可以适量喝红糖姜水吗,0
感冒,孕妇能喝姜汤红糖水吗感冒了,孕妇感冒不能吃什么药,0
感冒,婴儿流鼻涕流眼泪是什么感冒,哪种感冒能引起婴儿流鼻涕流眼泪,1
感冒,婴儿流鼻涕流眼泪是什么感冒,婴儿流鼻涕流眼泪是风寒感冒吗,1
感冒,婴儿流鼻涕流眼泪是什么感冒,婴儿流鼻涕流眼泪是鼻炎吗,0
感冒,婴儿流鼻涕流眼泪是什么感冒,婴儿打喷嚏流鼻涕可以口服抗病毒的药吗,0
感冒,婴儿流鼻涕流眼泪是什么感冒,婴儿流眼泪和泪腺有关吗,0
感冒,怀孕感冒能吃阿莫西林吗,怀孕感冒可以吃阿莫西林吗,1
感冒,怀孕感冒能吃阿莫西林吗,怀孕感冒吃阿莫西林有影响吗,1
感冒,怀孕感冒能吃阿莫西林吗,怀孕感冒吃哪些药会影响胎儿,0
感冒,怀孕感冒能吃阿莫西林吗,怀孕感冒能服用莲花清瘟胶囊吗,0
感冒,怀孕感冒能吃阿莫西林吗,哺乳期的宝宝嗓子发炎能吃阿莫西林吗,0
感冒,怀孕了。但感冒了怎么办？,怀孕期间感冒怎么办？,1
感冒,怀孕了。但感冒了怎么办？,孕妇感冒了怎么办？,1
感冒,怀孕了。但感冒了怎么办？,怀孕期间发烧了对胎儿有影响没有？,0
感冒,怀孕了。但感冒了怎么办？,怀孕的妈妈在怀孕期间需要注意什么,0
感冒,怀孕了。但感冒了怎么办？,辛辣的食物怀孕的妈妈能吃不能,0
感冒,怀孕期间吃了感冒药有没有影响?,怀孕期间吃了感冒药有影响没有?,1
感冒,怀孕期间吃了感冒药有没有影响?,怀孕期间吃了感冒药对胎儿有没有影响?,1
感冒,怀孕期间吃了感冒药有没有影响?,怀孕期间发烧了可以吃那种药？,0
感冒,怀孕期间吃了感冒药有没有影响?,怀孕期间需要补钙吗,0
感冒,怀孕期间吃了感冒药有没有影响?,怀孕期间孕妈妈必须补充叶酸吗,0
感冒,感冒了，能不能给宝宝喂奶,妈妈感冒了能给宝宝喂奶吗,1
感冒,感冒了，能不能给宝宝喂奶,妈妈感冒了不能给宝宝喂奶吗,1
感冒,感冒了，能不能给宝宝喂奶,哺乳期妈妈感冒了需要和宝宝分开吗,0
感冒,感冒了，能不能给宝宝喂奶,宝宝感冒了牛奶能喝不能,0
感冒,感冒了，能不能给宝宝喂奶,宝宝感冒了可以喝板蓝根吗,0
感冒,来月经感冒了能吃感冒药吗,月经期间可以吃感冒药吗,1
感冒,来月经感冒了能吃感冒药吗,来月经的时候不小心感冒，吃感冒药行吗,1
感冒,来月经感冒了能吃感冒药吗,来月经发烧了吃药对身体哪些有影响,0
感冒,来月经感冒了能吃感冒药吗,来月经感冒了喝红糖姜汤水可以吗,0
感冒,来月经感冒了能吃感冒药吗,来月经感冒了辛辣寒凉的食物能吃吗,0
感冒,吃感冒药后多久可以怀孕？,吃感冒药后多长时间可以怀孕？,1
感冒,吃感冒药后多久可以怀孕？,感冒了停药多久可以怀孕？,1
感冒,吃感冒药后多久可以怀孕？,备孕期间需要注意什么,0
感冒,吃感冒药后多久可以怀孕？,备孕期间需要服用叶酸片吗,0
感冒,吃感冒药后多久可以怀孕？,怀孕的妈妈感冒了还用补充钙吗,0
感冒,吃感冒药后多久可以怀孕？,吃感冒药后几个月可以怀孕？,1
感冒,吃感冒药后多久可以怀孕？,吃感冒药后多久不可以怀孕？,1
感冒,吃感冒药后多久可以怀孕？,吃感冒药后怀孕有影响吗？,0
感冒,吃感冒药后多久可以怀孕？,吃感冒药后多久可以备孕？,0
感冒,吃感冒药后多久可以怀孕？,吃感冒药后一月内可以怀孕？,0
感冒,月子里感冒流鼻涕怎么办,月子里感冒流鼻涕怎么治,1
感冒,月子里感冒流鼻涕怎么办,月子里感冒流鼻涕能用什么药,1
感冒,月子里感冒流鼻涕怎么办,月子里感冒流鼻涕喝葱姜水管用吗,0
感冒,月子里感冒流鼻涕怎么办,月子里感冒流鼻涕需要服用消炎药吗,0
感冒,月子里感冒流鼻涕怎么办,月子里感冒流鼻涕能用中药吗,0
感冒,月子里感冒流鼻涕怎么办,月子里感冒流鼻涕怎样治疗,1
感冒,月子里感冒流鼻涕怎么办,月子里感冒流鼻涕有什么好法吗,1
感冒,月子里感冒流鼻涕怎么办,月子里发烧怎么办,0
感冒,月子里感冒流鼻涕怎么办,月子里咳嗽怎么办,0
感冒,月子里感冒流鼻涕怎么办,月子里孩子感冒流鼻涕怎么办,0
感冒,我好像感冒了，鼻子流水不留鼻涕怎么办,我好像感冒了，鼻子流水不留鼻涕怎样治,1
感冒,我好像感冒了，鼻子流水不留鼻涕怎么办,我好像感冒了，鼻子流水不留鼻涕有什么办法,1
感冒,我好像感冒了，鼻子流水不留鼻涕怎么办,"我好像感冒了，鼻子流水,不吃药多喝开水行吗",0
感冒,我好像感冒了，鼻子流水不留鼻涕怎么办,感冒了不留鼻涕有点咳嗽能不能用阿莫西林,0
感冒,我好像感冒了，鼻子流水不留鼻涕怎么办,感冒了，鼻子流水吃感冒灵管用吗,0
感冒,月经期间吃感冒药物的影响是什么啊,月经期间吃感冒药物的影响有哪些,1
感冒,月经期间吃感冒药物的影响是什么啊,月经期间吃感冒药物对身体有影响吗,1
感冒,月经期间吃感冒药物的影响是什么啊,月经期间吃退烧药物会月经推迟吗,0
感冒,月经期间吃感冒药物的影响是什么啊,月经期间不能吃哪些东西,0
感冒,月经期间吃感冒药物的影响是什么啊,月经期间宜吃清淡的食物吗,0
感冒,月经期间吃感冒药物的影响是什么啊,月经期间吃感冒药物的影响有哪些,1
感冒,月经期间吃感冒药物的影响是什么啊,月经期间吃感冒药物对身体有哪些影响,1
感冒,月经期间吃感冒药物的影响是什么啊,月经期间吃感冒药物会引起肚子疼吗,0
感冒,月经期间吃感冒药物的影响是什么啊,月经期间吃感冒药物会不会影响月经推迟,0
感冒,月经期间吃感冒药物的影响是什么啊,月经期间吃感冒药物会引起月经不调吗,0
感冒,我经常感冒是怎么回事？,我经常感冒是为什么？,1
感冒,我经常感冒是怎么回事？,我经常感冒是什么原因？,1
感冒,我经常感冒是怎么回事？,我经常感冒是缺乏锻炼吗,0
感冒,我经常感冒是怎么回事？,我经常感冒需要增加营养吗,0
感冒,我经常感冒是怎么回事？,我经常感冒打流感疫苗可以吗,0
感冒,我经常感冒是怎么回事？,我经常感冒是因为什么？,1
感冒,我经常感冒是怎么回事？,我经常感冒是什么原因？,1
感冒,我经常感冒是怎么回事？,我经常感冒是不是体质弱？,0
感冒,我经常感冒是怎么回事？,我经常感冒是免疫力下降吗？,0
感冒,我经常感冒是怎么回事？,我经常感冒可以长期服用感冒药吗？,0
感冒,不到5岁小孩老是感冒怎么办？,不到5岁小孩老是感冒怎样治？,1
感冒,不到5岁小孩老是感冒怎么办？,不到5岁小孩老是感冒有什么法？,1
感冒,不到5岁小孩老是感冒怎么办？,不到5岁小孩老是发烧是抵抗力差吗？,0
感冒,不到5岁小孩老是感冒怎么办？,流感疫苗预防5岁小孩的感冒吗？,0
感冒,不到5岁小孩老是感冒怎么办？,5岁的孩子能吃保健品吗,0
感冒,不到5岁小孩老是感冒怎么办？,不到5岁小孩老是感冒怎样治？,1
感冒,不到5岁小孩老是感冒怎么办？,如何预防不到5岁小孩老是感冒？,1
感冒,不到5岁小孩老是感冒怎么办？,不到5岁小孩老是感冒可能免疫力低？,0
感冒,不到5岁小孩老是感冒怎么办？,不到5岁小孩老是感冒可以打流感疫苗吗？,0
感冒,不到5岁小孩老是感冒怎么办？,不到5岁小孩老是感冒能补充VC吗？,0
感冒,不到5岁小孩老是感冒怎么办？,不到5岁小孩老是感冒怎么治？,1
感冒,不到5岁小孩老是感冒怎么办？,不到5岁小孩老是感冒采取什么办法？,1
感冒,不到5岁小孩老是感冒怎么办？,小孩老是感冒是遗传吗,0
感冒,不到5岁小孩老是感冒怎么办？,小孩老是感冒可以打预防针吗,0
感冒,不到5岁小孩老是感冒怎么办？,小孩感冒流鼻涕能吃感冒灵吗,0
感冒,感冒打预防针有什么影响,感冒打预防针有什么危害吗,1
感冒,感冒打预防针有什么影响,感冒打预防针有什么好处,1
感冒,感冒打预防针有什么影响,孩子感冒了要注意哪些方面？,0
感冒,感冒打预防针有什么影响,怀孕的妈妈感冒可以打预防针吗,0
感冒,感冒打预防针有什么影响,发烧打退烧针对1岁对孩子有什么影响,0
感冒,感冒打预防针有什么影响,感冒打预防针有什么作用,1
感冒,感冒打预防针有什么影响,感冒打预防针预防什么,1
感冒,感冒打预防针有什么影响,感冒打预防针对身体有什么影响,0
感冒,感冒打预防针有什么影响,感冒打预防针后 应注意什么,0
感冒,感冒打预防针有什么影响,感冒打预防针能洗澡吗,0
感冒,感冒打预防针有什么影响,感冒打预防针有什么危害,1
感冒,感冒打预防针有什么影响,感冒打预防针有副作用吗,1
感冒,感冒打预防针有什么影响,感冒初期可以打预防针吗,0
感冒,感冒打预防针有什么影响,打预防针后感冒了能服药吗,0
感冒,感冒打预防针有什么影响,打过预防针需要注意哪些方面,0
感冒,鼻塞打喷嚏流鼻涕怎么办好？,鼻塞打喷嚏流鼻涕如何是好？,1
感冒,鼻塞打喷嚏流鼻涕怎么办好？,鼻塞打喷嚏流鼻涕应该采取什么办法？,1
感冒,鼻塞打喷嚏流鼻涕怎么办好？,鼻塞打喷嚏流鼻涕是流感的症状吗,0
感冒,鼻塞打喷嚏流鼻涕怎么办好？,宝宝鼻塞打喷嚏流鼻涕是什么病？,0
感冒,鼻塞打喷嚏流鼻涕怎么办好？,鼻塞打喷嚏流鼻涕是鼻炎吗？,0
感冒,鼻塞打喷嚏流鼻涕怎么办好？,鼻塞打喷嚏流鼻涕该怎么办？,1
感冒,鼻塞打喷嚏流鼻涕怎么办好？,鼻塞打喷嚏流鼻涕怎么样 好？,1
感冒,鼻塞打喷嚏流鼻涕怎么办好？,鼻塞打喷嚏流鼻涕是不是感冒了？,0
感冒,鼻塞打喷嚏流鼻涕怎么办好？,鼻塞打喷嚏流鼻涕咳嗽以怎样服药？,0
感冒,鼻塞打喷嚏流鼻涕怎么办好？,鼻塞打喷嚏流鼻涕能吃抗菌素吗？,0
感冒,鼻塞打喷嚏流鼻涕怎么办好？,鼻子不通气打喷嚏流鼻涕该怎么办？,1
感冒,鼻塞打喷嚏流鼻涕怎么办好？,鼻塞打喷嚏流鼻涕怎么治？,1
感冒,鼻塞打喷嚏流鼻涕怎么办好？,鼻塞打喷嚏流鼻涕是细菌性感冒吗,0
感冒,鼻塞打喷嚏流鼻涕怎么办好？,鼻塞打喷嚏流鼻涕用输液吗,0
感冒,鼻塞打喷嚏流鼻涕怎么办好？,鼻塞打喷嚏流鼻涕是风寒感冒吗,0
感冒,哺乳期感冒吃什么药能好？,哺乳期感冒能吃什么药？,1
感冒,哺乳期感冒吃什么药能好？,哺乳期感冒吃什么药好呢？,1
感冒,哺乳期感冒吃什么药能好？,哺乳期的妈妈感冒可以喝清热解毒口服液？,0
感冒,哺乳期感冒吃什么药能好？,哺乳期的宝宝感冒能喝荆防颗粒吗？,0
感冒,哺乳期感冒吃什么药能好？,哺乳期的妈妈感冒需要和宝宝分开吗？,0
感冒,哺乳期感冒吃什么药能好？,哺乳期感冒可以吃什么药疗效好,1
感冒,哺乳期感冒吃什么药能好？,哺乳期感冒的小妙招有什么,1
感冒,哺乳期感冒吃什么药能好？,哺乳期感冒能吃中药吗,0
感冒,哺乳期感冒吃什么药能好？,哺乳期感冒吃什么药不影响哺乳,0
感冒,哺乳期感冒吃什么药能好？,哺乳期感冒不能吃什么药,0
感冒,哺乳期感冒吃什么药能好？,哺乳期感冒能吃什么药？,1
感冒,哺乳期感冒吃什么药能好？,哺乳期感冒吃什么药好呢？,1
感冒,哺乳期感冒吃什么药能好？,哺乳期感冒能吃连花清瘟胶囊吗？,0
感冒,哺乳期感冒吃什么药能好？,哺乳期感冒对孩子有影响吗？,0
感冒,哺乳期感冒吃什么药能好？,哺乳期感冒用不用服药？,0
感冒,哺乳期感冒吃什么药能好？,哺乳期感冒可以吃什么药？,1
感冒,哺乳期感冒吃什么药能好？,哺乳期感冒能吃什么药？,1
感冒,哺乳期感冒吃什么药能好？,哺乳期宝宝可以喝蜂蜜水吗,0
感冒,哺乳期感冒吃什么药能好？,哺乳期宝宝感冒怎样治疗？,0
感冒,哺乳期感冒吃什么药能好？,哺乳期妈妈感冒用和宝宝分开吗？,0
感冒,哺乳期感冒吃什么药能好？,哺乳期感冒能吃什么药？,1
感冒,哺乳期感冒吃什么药能好？,哺乳期感冒吃什么药效果好？,1
感冒,哺乳期感冒吃什么药能好？,哺乳期妈妈感冒需要服用抗生素吗,0
感冒,哺乳期感冒吃什么药能好？,哺乳期母亲感冒，宝宝需要暂停喂奶吗？,0
感冒,哺乳期感冒吃什么药能好？,哺乳期妈妈感冒需要婴儿断奶吗,0
感冒,感冒流鼻涕吃什么药好？,感冒流鼻涕可以吃什么药？,1
感冒,感冒流鼻涕吃什么药好？,感冒流鼻涕需要吃什么药？,1
感冒,感冒流鼻涕吃什么药好？,1岁的宝宝感冒流鼻涕可不可以喝酸奶,0
感冒,感冒流鼻涕吃什么药好？,怀孕的妈妈感冒流鼻涕可以喝中成药吗？,0
感冒,感冒流鼻涕吃什么药好？,流鼻涕的孩子是不是上呼吸道感染？,0
感冒,感冒流鼻涕吃什么药好？,感冒流鼻涕能吃什么药？,1
感冒,感冒流鼻涕吃什么药好？,感冒流鼻涕可以吃什么药？,1
感冒,感冒流鼻涕吃什么药好？,感冒流鼻涕是否需要化验血？,0
感冒,感冒流鼻涕吃什么药好？,感冒流鼻涕咳嗽吃什么药效果好？,0
感冒,感冒流鼻涕吃什么药好？,感冒流鼻涕的孩子应注意哪些？,0
感冒,感冒流鼻涕吃什么药好？,感冒流鼻涕吃什么药效果显著呢？,1
感冒,感冒流鼻涕吃什么药好？,感冒流鼻涕吃什么药效果好？,1
感冒,感冒流鼻涕吃什么药好？,感冒流鼻涕是鼻炎吗,0
感冒,感冒流鼻涕吃什么药好？,婴幼儿感冒流鼻涕可以用鼻贴吗,0
感冒,感冒流鼻涕吃什么药好？,婴儿感冒流鼻涕需要打流感疫苗吗？,0
感冒,一来月经就感冒是怎么回事,一来月经就感冒怎么办,1
感冒,一来月经就感冒是怎么回事,一来月经就感冒是什么原因,1
感冒,一来月经就感冒是怎么回事,一来月经就发烧说明体制差吗,0
感冒,一来月经就感冒是怎么回事,一来月经就打好能打预防针吗,0
感冒,一来月经就感冒是怎么回事,一来月经就发烧是病毒感染吗,0
感冒,一来月经就感冒是怎么回事,为啥一来月经就感冒,1
感冒,一来月经就感冒是怎么回事,一来月经就感冒是因为什么,1
感冒,一来月经就感冒是怎么回事,一来月经就感冒应该注意什么,0
感冒,一来月经就感冒是怎么回事,一来月经就感冒可以服用什么药吗,0
感冒,一来月经就感冒是怎么回事,一来月经就感冒是抵抗力差吗,0
感冒,一来月经就感冒是怎么回事,为什么一来月经就感冒,1
感冒,一来月经就感冒是怎么回事,一来月经就感冒是咋回事,1
感冒,一来月经就感冒是怎么回事,一来月经就发烧是抵抗力低吗,0
感冒,一来月经就感冒是怎么回事,多补充维生素可以预防感冒吗,0
感冒,一来月经就感冒是怎么回事,一来月经就感冒可以服用玉屏风口服液吗,0
感冒,吃感冒药后喝酒会有什么后果,吃感冒药后喝酒会有什么危害,1
感冒,吃感冒药后喝酒会有什么后果,吃感冒药后喝酒会有什么危险吗,1
感冒,吃感冒药后喝酒会有什么后果,吃退烧药后能不能喝酒,0
感冒,吃感冒药后喝酒会有什么后果,吃感冒药后喝酒会引起心脏病吗,0
感冒,吃感冒药后喝酒会有什么后果,吃感冒药后多长时间可以喝酒？,0
感冒,吃感冒药后喝酒会有什么后果,吃感冒药后喝酒的后果会怎样,1
感冒,吃感冒药后喝酒会有什么后果,吃感冒药后喝酒后果严重吗,1
感冒,吃感冒药后喝酒会有什么后果,吃感冒药后是不能喝酒的对吗,0
感冒,吃感冒药后喝酒会有什么后果,吃感冒药后喝酒会对胃肠道造成损伤吗,0
感冒,吃感冒药后喝酒会有什么后果,吃感冒药后多长时间可以喝酒,0
感冒,吃感冒药后喝酒会有什么后果,吃感冒药后喝酒会有什么严重性,1
感冒,吃感冒药后喝酒会有什么后果,吃感冒药后喝酒会有什么危害,1
感冒,吃感冒药后喝酒会有什么后果,吃感冒药后喝酒会引起心脏病吗,0
感冒,吃感冒药后喝酒会有什么后果,吃了消炎药还能喝酒吗,0
感冒,吃感冒药后喝酒会有什么后果,吃感冒药后可以服用保健品吗,0
感冒,哺乳期腹股沟淋巴结肿大怎么办,哺乳期腹股沟淋巴结肿大需要怎么治,1
感冒,哺乳期腹股沟淋巴结肿大怎么办,哺乳期腹股沟淋巴结肿大有什么方法,1
感冒,哺乳期腹股沟淋巴结肿大怎么办,哺乳期腹股沟淋巴结肿大是什么病,0
感冒,哺乳期腹股沟淋巴结肿大怎么办,哺乳期腹股沟淋巴结肿大能用消炎药吗,0
感冒,哺乳期腹股沟淋巴结肿大怎么办,哺乳期的妈妈腹股沟淋巴结肿大是妇科病吗,0
感冒,哺乳期腹股沟淋巴结肿大怎么办,哺乳期腹股沟淋巴结肿大该怎样,1
感冒,哺乳期腹股沟淋巴结肿大怎么办,哺乳期腹股沟淋巴结肿大有什么办法,1
感冒,哺乳期腹股沟淋巴结肿大怎么办,哺乳期腹股沟淋巴结肿大该怎样处理,0
感冒,哺乳期腹股沟淋巴结肿大怎么办,哺乳期腹股沟淋巴结肿大在那侧,0
感冒,哺乳期腹股沟淋巴结肿大怎么办,哺乳期腹股沟淋巴结肿大挂什么科,0
感冒,哺乳期腹股沟淋巴结肿大怎么办,哺乳期腹股沟淋巴结肿大怎么治,1
感冒,哺乳期腹股沟淋巴结肿大怎么办,哺乳期腹股沟淋巴结肿大有什么办法,1
感冒,哺乳期腹股沟淋巴结肿大怎么办,腹股沟淋巴结肿大是淋巴结炎吗,0
感冒,哺乳期腹股沟淋巴结肿大怎么办,哺乳期腹股沟淋巴结肿大能输甲硝唑吗,0
感冒,哺乳期腹股沟淋巴结肿大怎么办,哺乳期腹股沟淋巴结肿大对孩子有影响吗,0
感冒,宝宝吃过东西就吐，怎么办？,宝宝吃过东西就吐需要采取什么措施？,1
感冒,宝宝吃过东西就吐，怎么办？,宝宝吃过东西就吐有什么好的办法？,1
感冒,宝宝吃过东西就吐，怎么办？,宝宝吃过东西就吐是扁桃体发炎了吗？,0
感冒,宝宝吃过东西就吐，怎么办？,宝宝吃过东西就吐是不是受凉了？,0
感冒,宝宝吃过东西就吐，怎么办？,宝宝吃过东西就吐可以吃健胃消食片吗？,0
感冒,宝宝吃过东西就吐，怎么办？,宝宝吃过东西就吐，要怎么办？,1
感冒,宝宝吃过东西就吐，怎么办？,宝宝吃过东西就吐，怎么办好呢？,1
感冒,宝宝吃过东西就吐，怎么办？,宝宝吃过东西就吐，是消化系统问题吗,0
感冒,宝宝吃过东西就吐，怎么办？,宝宝感冒了吃过东西就吐怎么办,0
感冒,宝宝吃过东西就吐，怎么办？,宝宝吃过东西就吐用吃药吗,0
感冒,宝宝吃过东西就吐，怎么办？,宝宝吃过东西就吐，怎么治？,1
感冒,宝宝吃过东西就吐，怎么办？,宝宝吃过东西就吐，有什么办法？,1
感冒,宝宝吃过东西就吐，怎么办？,宝宝吃过东西就吐是消化不良吗,0
感冒,宝宝吃过东西就吐，怎么办？,宝宝吃过东西就吐肠胃性感冒吗,0
感冒,宝宝吃过东西就吐，怎么办？,宝宝吃过东西就吐能吃消食片吗,0
感冒,宝宝流黄色的粘稠鼻涕怎么办,宝宝流黄色的粘稠鼻涕如何是好,1
感冒,宝宝流黄色的粘稠鼻涕怎么办,宝宝流黄色的粘稠鼻涕怎么办呢,1
感冒,宝宝流黄色的粘稠鼻涕怎么办,宝宝流黄色的粘稠鼻涕是上火了吗,0
感冒,宝宝流黄色的粘稠鼻涕怎么办,宝宝流黄色的粘稠鼻涕需要用抗生素吗,0
感冒,宝宝流黄色的粘稠鼻涕怎么办,宝宝流黄色的粘稠鼻涕能喝双黄连口服液吗,0
感冒,宝宝流黄色的粘稠鼻涕怎么办,宝宝流黄色的粘稠鼻涕有什么办法,1
感冒,宝宝流黄色的粘稠鼻涕怎么办,宝宝流黄色的粘稠鼻涕该怎么治,1
感冒,宝宝流黄色的粘稠鼻涕怎么办,宝宝流黄色的粘稠鼻涕是感冒了吗,0
感冒,宝宝流黄色的粘稠鼻涕怎么办,宝宝流黄色的粘稠鼻涕是不是上火了,0
感冒,宝宝流黄色的粘稠鼻涕怎么办,宝宝流黄色的粘稠鼻涕能服用头孢类的药吗,0
感冒,宝宝流黄色的粘稠鼻涕怎么办,宝宝流黄色的粘稠鼻涕怎么治,1
感冒,宝宝流黄色的粘稠鼻涕怎么办,宝宝流黄色的粘稠鼻涕有什么方法,1
感冒,宝宝流黄色的粘稠鼻涕怎么办,宝宝流黄色的粘稠鼻涕是呼吸道感染吗,0
感冒,宝宝流黄色的粘稠鼻涕怎么办,宝宝流黄色的粘稠鼻涕是病毒性感冒吗,0
感冒,宝宝流黄色的粘稠鼻涕怎么办,宝宝流黄色的粘稠鼻涕可以吃阿莫西林胶囊吗,0
感冒,吃感冒药会影响月经推迟吗,吃感冒药能影响月经推迟吗,1
感冒,吃感冒药会影响月经推迟吗,吃感冒药会不会影响月经推迟,1
感冒,吃感冒药会影响月经推迟吗,吃感冒药后一个月能喝酒吗,0
感冒,吃感冒药会影响月经推迟吗,吃感冒药会对身体造成哪些不适,0
感冒,吃感冒药会影响月经推迟吗,"感冒了,吃感冒药还能大流感疫苗吗",0
感冒,吃感冒药会影响月经推迟吗,吃感冒药会不会影响月经推迟,1
感冒,吃感冒药会影响月经推迟吗,吃感冒药能影响月经推迟吗,1
感冒,吃感冒药会影响月经推迟吗,吃感冒药是不是和月经推迟没关系,0
感冒,吃感冒药会影响月经推迟吗,感冒药能在月经期间吃吗,0
感冒,吃感冒药会影响月经推迟吗,月经推迟吃感冒药要谨慎对吗,0
感冒,吃感冒药会影响月经推迟吗,吃感冒药会不会影响例假推迟,1
感冒,吃感冒药会影响月经推迟吗,吃感冒药能影响大姨妈推迟吗,1
感冒,吃感冒药会影响月经推迟吗,月经期吃退烧药会影响身体吗,0
感冒,吃感冒药会影响月经推迟吗,月经期感冒了可以吃消炎药吗,0
感冒,吃感冒药会影响月经推迟吗,月经期喝红糖水可以吗,0
感冒,小孩长期流鼻涕是怎么回事？,小孩长期流鼻涕是什么原因？,1
感冒,小孩长期流鼻涕是怎么回事？,为什么小孩长期流鼻涕？,1
感冒,小孩长期流鼻涕是怎么回事？,小孩长期打喷嚏是鼻炎吗？,0
感冒,小孩长期流鼻涕是怎么回事？,小孩长期打喷嚏是不是病毒性感冒？,0
感冒,小孩长期流鼻涕是怎么回事？,小孩长期打喷嚏可以吃三九感冒灵颗粒吗？,0
感冒,小孩长期流鼻涕是怎么回事？,小孩长期流鼻涕是因为什么,1
感冒,小孩长期流鼻涕是怎么回事？,为啥小孩长期流鼻涕？,1
感冒,小孩长期流鼻涕是怎么回事？,小孩长期流鼻涕是鼻炎吗,0
感冒,小孩长期流鼻涕是怎么回事？,小孩长期流鼻涕用吃药吗,0
感冒,小孩长期流鼻涕是怎么回事？,小孩长期流鼻涕对身体有影响吗,0
感冒,小孩长期流鼻涕是怎么回事？,小孩老是流鼻涕是什么原因？,1
感冒,小孩长期流鼻涕是怎么回事？,小孩长期流鼻涕是为什么？,1
感冒,小孩长期流鼻涕是怎么回事？,小孩长期打喷嚏是呼吸道疾病吗,0
感冒,小孩长期流鼻涕是怎么回事？,小孩长期打喷嚏是鼻炎吗,0
感冒,小孩长期流鼻涕是怎么回事？,小孩长期流鼻涕可以吃消炎药吗,0
感冒,六个月的宝宝有点流鼻涕怎么办？,六个月的宝宝有点流鼻涕如何是好？,1
感冒,六个月的宝宝有点流鼻涕怎么办？,六个月的宝宝有点流鼻涕采取什么办法？,1
感冒,六个月的宝宝有点流鼻涕怎么办？,六个月的宝宝有点流鼻涕可以用鼻贴吗？,0
感冒,六个月的宝宝有点流鼻涕怎么办？,六个月的宝宝有点流鼻涕是受凉了吗？,0
感冒,六个月的宝宝有点流鼻涕怎么办？,六个月的宝宝有点流鼻涕可以喝葱姜水吗？,0
感冒,六个月的宝宝有点流鼻涕怎么办？,六个月的宝宝有点流鼻涕怎么治？,1
感冒,六个月的宝宝有点流鼻涕怎么办？,六个月的宝宝有点流鼻涕有什么办法吗？,1
感冒,六个月的宝宝有点流鼻涕怎么办？,六个月的宝宝有点流鼻涕咳嗽用不用吃药,0
感冒,六个月的宝宝有点流鼻涕怎么办？,六个月的宝宝有点流鼻涕是感冒了吗,0
感冒,六个月的宝宝有点流鼻涕怎么办？,六个月的宝宝有点流黄鼻涕需要吃什么药,0
感冒,六个月的宝宝有点流鼻涕怎么办？,宝宝6个月大，有点流鼻涕怎么治？,1
感冒,六个月的宝宝有点流鼻涕怎么办？,六个月的婴儿，轻微流鼻涕怎么办？,1
感冒,六个月的宝宝有点流鼻涕怎么办？,六个月的宝宝有点流鼻涕可以喝板蓝根吗,0
感冒,六个月的宝宝有点流鼻涕怎么办？,宝宝鼻塞流鼻涕可以用鼻喷剂吗,0
感冒,六个月的宝宝有点流鼻涕怎么办？,六个月的宝宝有点流鼻涕多喝温开水行吗,0
感冒,怀孕16周多感冒了怎么办,怀孕16周多感冒了怎么治？,1
感冒,怀孕16周多感冒了怎么办,怀孕17周多感冒了怎么办如何是好？,1
感冒,怀孕16周多感冒了怎么办,怀孕16周感冒了可以服用阿莫西林胶囊吗,0
感冒,怀孕16周多感冒了怎么办,怀孕期间应该吃什么,0
感冒,怀孕16周多感冒了怎么办,怀孕16周的妈妈感冒了能用抗病毒的药吗,0
感冒,三个月宝宝鼻子呼呼响没看到鼻涕怎么办,宝宝鼻子老是呼呼响但是没看到鼻涕怎么治,1
感冒,三个月宝宝鼻子呼呼响没看到鼻涕怎么办,三个月宝宝鼻子呼呼响没看到鼻涕有什么方法,1
感冒,三个月宝宝鼻子呼呼响没看到鼻涕怎么办,三个月宝宝鼻子呼呼响有鼻涕是鼻炎吗,0
感冒,三个月宝宝鼻子呼呼响没看到鼻涕怎么办,三个月宝宝鼻子呼呼响是感冒了吗,0
感冒,三个月宝宝鼻子呼呼响没看到鼻涕怎么办,宝宝鼻子呼呼响是受凉了吗,0
感冒,怀孕感冒了怎么办？？？,怀孕感冒了怎么治？？？,1
感冒,怀孕感冒了怎么办？？？,怀孕感冒了采取什么方法？？？,1
感冒,怀孕感冒了怎么办？？？,孕妇发烧了能输液体吗？？？,0
感冒,怀孕感冒了怎么办？？？,怀孕咳嗽可以服用哪些药？？？,0
感冒,怀孕感冒了怎么办？？？,怀孕感冒了能接种流感疫苗吗？？？,0
感冒,怀孕感冒了怎么办？？？,怀孕感冒了该咋办？？？,1
感冒,怀孕感冒了怎么办？？？,怀孕感冒了有什么办法？？？,1
感冒,怀孕感冒了怎么办？？？,怀孕感冒了能吃药吗？？？,0
感冒,怀孕感冒了怎么办？？？,怀孕感冒了可以吃抗生素吗？？？,0
感冒,怀孕感冒了怎么办？？？,怀孕感冒了多吃水果不服药可以吗？？？,0
感冒,怀孕感冒了怎么办？？？,怀孕感冒了有啥办法？？？,1
感冒,怀孕感冒了怎么办？？？,怀孕感冒了有什么方法？？？,1
感冒,怀孕感冒了怎么办？？？,怀孕感冒了可以用抗病毒口服液吗？？？,0
感冒,怀孕感冒了怎么办？？？,怀孕感冒了能吃清开灵吗？？？,0
感冒,怀孕感冒了怎么办？？？,怀孕感冒了可以输液体吗？？？,0
感冒,九个月宝宝流鼻涕怎么办,九个月宝宝感冒流鼻涕怎么办,1
感冒,九个月宝宝流鼻涕怎么办,九个月宝宝流鼻涕有什么妙招,1
感冒,九个月宝宝流鼻涕怎么办,九个月宝宝流鼻涕是不是感冒了,0
感冒,九个月宝宝流鼻涕怎么办,九个月宝宝流鼻涕是鼻炎吗,0
感冒,九个月宝宝流鼻涕怎么办,九个月宝宝打喷嚏鼻塞怎么办,0
感冒,九个月宝宝流鼻涕怎么办,九个月宝宝流鼻涕有什么好办法,1
感冒,九个月宝宝流鼻涕怎么办,九个月宝宝流鼻涕怎样治,1
感冒,九个月宝宝流鼻涕怎么办,九个月宝宝流鼻涕没有别的症状不用药可以吗,0
感冒,九个月宝宝流鼻涕怎么办,九个月宝宝流鼻涕可以喝葱白水吗,0
感冒,九个月宝宝流鼻涕怎么办,九个月宝宝流鼻涕是不是感冒的症状,0
感冒,九个月宝宝流鼻涕怎么办,九个月宝宝流鼻涕怎么治,1
感冒,九个月宝宝流鼻涕怎么办,九个月宝宝流鼻涕有什么办法,1
感冒,九个月宝宝流鼻涕怎么办,九个月宝宝流鼻涕能打针吗,0
感冒,九个月宝宝流鼻涕怎么办,宝宝流鼻涕属于感冒症状吗,0
感冒,九个月宝宝流鼻涕怎么办,九个月宝宝流鼻涕可以吃三九感冒灵吗,0
感冒,孩子感冒流鼻涕怎么办好呢,小孩感冒一直流鼻涕怎么办,1
感冒,孩子感冒流鼻涕怎么办好呢,小孩感冒鼻塞流鼻涕怎么办才好啊?,1
感冒,孩子感冒流鼻涕怎么办好呢,孩子伤风流鼻涕怎么办,0
感冒,孩子感冒流鼻涕怎么办好呢,宝宝着凉流鼻涕怎么办,0
感冒,孩子感冒流鼻涕怎么办好呢,孩子感冒流鼻涕吃什么药,0
感冒,孩子感冒流鼻涕怎么办好呢,孩子感冒流鼻涕该咋办呢,1
感冒,孩子感冒流鼻涕怎么办好呢,孩子感冒流鼻涕有什么办法呢,1
感冒,孩子感冒流鼻涕怎么办好呢,孩子感冒流鼻涕分几种,0
感冒,孩子感冒流鼻涕怎么办好呢,孩子风寒感冒流鼻涕用什么药,0
感冒,孩子感冒流鼻涕怎么办好呢,月子孩子感冒能服抗生素吗,0
感冒,宝宝流清鼻涕是感冒了吗,宝宝感冒的症状是流鼻涕吗,1
感冒,宝宝流清鼻涕是感冒了吗,宝宝流清鼻涕可能是感冒了？,1
感冒,宝宝流清鼻涕是感冒了吗,宝宝流清鼻涕，是不是风寒,0
感冒,宝宝流清鼻涕是感冒了吗,宝宝流清鼻涕是什么感冒,0
感冒,宝宝流清鼻涕是感冒了吗,宝宝流清鼻涕感冒，吃什么药,0
感冒,请问孕妇感冒能吃什么药？,孕妇感冒吃什么药好,1
感冒,请问孕妇感冒能吃什么药？,怀孕期间感冒推荐吃什么药,1
感冒,请问孕妇感冒能吃什么药？,孕妇咳嗽发热吃什么药,0
感冒,请问孕妇感冒能吃什么药？,孕妇吃什么药预防感冒,0
感冒,请问孕妇感冒能吃什么药？,孕妇感冒不能吃药吗,0
感冒,请问孕妇感冒能吃什么药？,请问孕妇感冒吃什么药好,1
感冒,请问孕妇感冒能吃什么药？,怀孕期间感冒了推荐吃什么药,1
感冒,请问孕妇感冒能吃什么药？,请问孕妇感冒不能吃什么药,0
感冒,请问孕妇感冒能吃什么药？,请问孕妇感冒了吃什么水果,0
感冒,请问孕妇感冒能吃什么药？,请问孕妇感冒吃那个感冒药好,0
感冒,请问孕妇感冒能吃什么药？,请问孕妇感冒可以吃什么药？,1
感冒,请问孕妇感冒能吃什么药？,请问孕妇感冒有什么药可以用？,1
感冒,请问孕妇感冒能吃什么药？,孕妇感冒能吃营养品吗？,0
感冒,请问孕妇感冒能吃什么药？,孕妇感冒吃水果好吗？,0
感冒,请问孕妇感冒能吃什么药？,孕妇感冒头疼能吃三九感冒灵？,0
感冒,请问：我为什么经常感冒？,我为什么总是感冒,1
感冒,请问：我为什么经常感冒？,我经常感冒是怎么回事,1
感冒,请问：我为什么经常感冒？,我为什么总是感冒，是缺什么元素,0
感冒,请问：我为什么经常感冒？,我为什么总是发烧不感冒,0
感冒,请问：我为什么经常感冒？,我经常感冒吃什么药,0
感冒,请问：我为什么经常感冒？,请问：我经常感冒是为什么？,1
感冒,请问：我为什么经常感冒？,请问：我经常感冒有什么好办法吗？,1
感冒,请问：我为什么经常感冒？,请问：我经常感冒可以长期服抗生素吗,0
感冒,请问：我为什么经常感冒？,请问：我经常感冒能吃营养品吗？,0
感冒,请问：我为什么经常感冒？,请问：我经常感冒是病毒感染吗？,0
感冒,小孩细菌性感冒要几天才能好,小孩细菌性感冒需要多久好,1
感冒,小孩细菌性感冒要几天才能好,小孩细菌性感冒需要挂几天液体,1
感冒,小孩细菌性感冒要几天才能好,小孩细菌性感冒需要吃药吗,0
感冒,小孩细菌性感冒要几天才能好,小孩细菌性感冒的症状,0
感冒,小孩细菌性感冒要几天才能好,小孩细菌性感冒能自己痊愈吗,0
感冒,小孩细菌性感冒要几天才能好,小孩细菌性感冒要多长时间才能好,1
感冒,小孩细菌性感冒要几天才能好,一周的时间小孩细菌性感冒能好吗,1
感冒,小孩细菌性感冒要几天才能好,小孩细菌性感冒必须吃头孢类药吗,0
感冒,小孩细菌性感冒要几天才能好,小孩细菌性感冒有哪些症状,0
感冒,小孩细菌性感冒要几天才能好,发烧咳嗽是小孩细菌性感冒吗,0
感冒,孕妇感冒了能喝板蓝根吗？,孕妇感冒可以喝板蓝根吗,1
感冒,孕妇感冒了能喝板蓝根吗？,孕妇感冒能不能喝板蓝根,1
感冒,孕妇感冒了能喝板蓝根吗？,孕妇喝板蓝根能预防感冒吗,0
感冒,孕妇感冒了能喝板蓝根吗？,孕妇感冒喝板蓝根有副作用吗,0
感冒,孕妇感冒了能喝板蓝根吗？,孕妇感冒能吃什么药,0
感冒,孕妇感冒了能喝板蓝根吗？,孕妇感冒了能不能喝板蓝根？,1
感冒,孕妇感冒了能喝板蓝根吗？,孕妇感冒了可以喝板蓝根吗？,1
感冒,孕妇感冒了能喝板蓝根吗？,孕妇感冒了能吃什么药,0
感冒,孕妇感冒了能喝板蓝根吗？,孕妇感冒了是不是尽量别吃药,0
感冒,孕妇感冒了能喝板蓝根吗？,孕妇早期感冒了是不是喝红糖姜茶水就可以？,0
感冒,感冒可以喝龙牡壮骨颗粒吗,感冒期间能不能喝龙牡壮骨颗粒,1
感冒,感冒可以喝龙牡壮骨颗粒吗,感冒还能喝龙牡壮骨颗粒吗,1
感冒,感冒可以喝龙牡壮骨颗粒吗,感冒不可以喝龙牡壮骨颗粒吗,0
感冒,感冒可以喝龙牡壮骨颗粒吗,感冒喝龙牡壮骨颗粒会怎样,0
感冒,感冒可以喝龙牡壮骨颗粒吗,感冒喝龙牡壮骨颗粒疗效怎样,0
感冒,感冒可以喝龙牡壮骨颗粒吗,感冒喝龙牡壮骨颗粒行吗,1
感冒,感冒可以喝龙牡壮骨颗粒吗,感冒能不能喝龙牡壮骨颗粒吗,1
感冒,感冒可以喝龙牡壮骨颗粒吗,感冒后喝龙牡壮骨颗粒好的快吗,0
感冒,感冒可以喝龙牡壮骨颗粒吗,宝宝感冒期间宜喝龙牡壮骨颗粒吗,0
感冒,感冒可以喝龙牡壮骨颗粒吗,感冒好了以后能继续喝龙牡壮骨颗粒吗,0
感冒,感冒可以喝龙牡壮骨颗粒吗,感冒能不能喝龙牡壮骨颗粒,1
感冒,感冒可以喝龙牡壮骨颗粒吗,感冒喝龙牡壮骨颗粒有用吗,1
感冒,感冒可以喝龙牡壮骨颗粒吗,经常感冒影响钙吸收吗,0
感冒,感冒可以喝龙牡壮骨颗粒吗,喝龙牡壮骨颗粒能增加钙吸收吗,0
感冒,感冒可以喝龙牡壮骨颗粒吗,感冒属于呼吸系统疾病吗,0
感冒,怀孕23周6天，感冒了怎么办？,怀孕23周6天，感冒有什么好办法,1
感冒,怀孕23周6天，感冒了怎么办？,怀孕感冒了要怎样做,1
感冒,怀孕23周6天，感冒了怎么办？,怀孕感冒了会影响胎儿吗,0
感冒,怀孕23周6天，感冒了怎么办？,怀孕感冒能吃药吗,0
感冒,怀孕23周6天，感冒了怎么办？,怀孕感冒吃什么药好,0
感冒,怀孕23周6天，感冒了怎么办？,怀孕23周6天，感冒了怎么治,1
感冒,怀孕23周6天，感冒了怎么办？,怀孕23周6天，感冒了怎么办能吃药吗？,1
感冒,怀孕23周6天，感冒了怎么办？,怀孕23周6天，嗓子疼是咽炎吗,0
感冒,怀孕23周6天，感冒了怎么办？,怀孕23周6天，感冒了能吃中成药吗？,0
感冒,怀孕23周6天，感冒了怎么办？,怀孕23周6天，感冒流鼻子可以用抗生素吗？,0
感冒,孕妇感冒可以喝红糖煮姜水吗,孕妇喝红糖煮姜水可以治感冒吗,1
感冒,孕妇感冒可以喝红糖煮姜水吗,孕妇感冒能不能喝红糖煮姜水,1
感冒,孕妇感冒可以喝红糖煮姜水吗,孕妇喉咙痛能喝红糖煮姜水吗,0
感冒,孕妇感冒可以喝红糖煮姜水吗,孕妇喝红糖煮姜水对胎儿有影响吗,0
感冒,孕妇感冒可以喝红糖煮姜水吗,孕妇感冒喝姜水可以放红糖吗,0
感冒,孕妇感冒可以喝红糖煮姜水吗,孕妇感冒能喝红糖煮姜水吗,1
感冒,孕妇感冒可以喝红糖煮姜水吗,孕妇感冒可不可喝红糖煮姜水吗,1
感冒,孕妇感冒可以喝红糖煮姜水吗,孕妇感冒喝红糖煮姜水效果好吗,0
感冒,孕妇感冒可以喝红糖煮姜水吗,孕妇感冒鼻子不通有小妙招吗,0
感冒,孕妇感冒可以喝红糖煮姜水吗,孕妇感冒是不能随便吃药对吗,0
感冒,回吸鼻涕带血的问题怎么回事,回吸鼻涕中带血是怎么回事,1
感冒,回吸鼻涕带血的问题怎么回事,回吸鼻涕中带血是因为什么,1
感冒,回吸鼻涕带血的问题怎么回事,回吸鼻涕中带血是鼻咽癌吗,0
感冒,回吸鼻涕带血的问题怎么回事,鼻窦炎回吸鼻涕中带血怎么回事,0
感冒,回吸鼻涕带血的问题怎么回事,回吸鼻涕带血是上火吗,0
感冒,回吸鼻涕带血的问题怎么回事,为什么回吸鼻涕带血,1
感冒,回吸鼻涕带血的问题怎么回事,回吸鼻涕带血是怎么回事,1
感冒,回吸鼻涕带血的问题怎么回事,回吸鼻涕带血是有鼻炎吗,0
感冒,回吸鼻涕带血的问题怎么回事,回吸鼻涕带血的问题怎么治,0
感冒,回吸鼻涕带血的问题怎么回事,回吸鼻涕带血用做什么检查,0
感冒,宝宝为什么老是流鼻涕?,宝宝爱流鼻涕怎么回事,1
感冒,宝宝为什么老是流鼻涕?,宝宝一直流鼻涕是为什么,1
感冒,宝宝为什么老是流鼻涕?,宝宝老是流鼻涕好吗,0
感冒,宝宝为什么老是流鼻涕?,宝宝咳嗽怎么办,0
感冒,宝宝为什么老是流鼻涕?,宝宝流鼻涕小妙招,0
感冒,宝宝为什么老是流鼻涕?,宝宝老是流鼻涕是什么原因?,1
感冒,宝宝为什么老是流鼻涕?,宝宝老是流鼻涕是咋回事?,1
感冒,宝宝为什么老是流鼻涕?,宝宝老是流鼻涕是感冒了吗?,0
感冒,宝宝为什么老是流鼻涕?,宝宝老是流鼻涕和鼻炎有关吗?,0
感冒,宝宝为什么老是流鼻涕?,宝宝老是流鼻涕需要做什么检查吗?,0
感冒,宝宝为什么老是流鼻涕?,宝宝为老是流鼻涕是什么原因?,1
感冒,宝宝为什么老是流鼻涕?,宝宝老是流鼻涕怎么回事?,1
感冒,宝宝为什么老是流鼻涕?,宝宝老是流鼻涕是遗传吗,0
感冒,宝宝为什么老是流鼻涕?,宝宝老是流鼻涕是感冒吗?,0
感冒,宝宝为什么老是流鼻涕?,宝宝老是流鼻涕用葱白煮水喝有效吗?,0
感冒,我经常反复性的感冒流鼻涕是什么原因,我总是感冒流鼻涕是什么原因,1
感冒,我经常反复性的感冒流鼻涕是什么原因,我爱感冒流鼻涕是怎么了,1
感冒,我经常反复性的感冒流鼻涕是什么原因,我经常反复感冒流鼻涕的速效办法是什么,0
感冒,我经常反复性的感冒流鼻涕是什么原因,我经常反复感冒流鼻涕怎么办,0
感冒,我经常反复性的感冒流鼻涕是什么原因,我经常反复感冒流鼻涕怎么好的快,0
感冒,我经常反复性的感冒流鼻涕是什么原因,我经常反复性的感冒流鼻涕是为什么,1
感冒,我经常反复性的感冒流鼻涕是什么原因,是什么原因使我经常反复性的感冒流鼻涕,1
感冒,我经常反复性的感冒流鼻涕是什么原因,我经常反复性的感冒流鼻涕打喷嚏是过敏吗,0
感冒,我经常反复性的感冒流鼻涕是什么原因,我经常反复性的感冒流鼻涕和鼻炎有关系吗,0
感冒,我经常反复性的感冒流鼻涕是什么原因,我经常反复性的感冒流鼻涕可以喝中药吗,0
感冒,孕妇感冒了能吃感冒灵颗粒吗,感冒灵颗粒孕妇能不能使用,1
感冒,孕妇感冒了能吃感冒灵颗粒吗,孕妇感冒可不可以吃感冒灵颗粒,1
感冒,孕妇感冒了能吃感冒灵颗粒吗,孕妇喝了感冒灵颗粒怎么办,0
感冒,孕妇感冒了能吃感冒灵颗粒吗,孕妇感冒吃什么药好,0
感冒,孕妇感冒了能吃感冒灵颗粒吗,孕妇感冒吃哪种感冒颗粒好,0
感冒,孕妇感冒了能吃感冒灵颗粒吗,孕妇感冒了可以吃感冒灵颗粒吗,1
感冒,孕妇感冒了能吃感冒灵颗粒吗,孕妇感冒了吃感冒灵颗粒行吗,1
感冒,孕妇感冒了能吃感冒灵颗粒吗,孕妇感冒了发烧能吃感冒灵颗粒吗,0
感冒,孕妇感冒了能吃感冒灵颗粒吗,孕妇感冒了咳嗽能吃消炎药吗,0
感冒,孕妇感冒了能吃感冒灵颗粒吗,孕妇感冒了喝白水不吃药行吗,0
感冒,怀孕前期感冒了怎么办？？？,怀孕前期感冒需要怎么做,1
感冒,怀孕前期感冒了怎么办？？？,怀孕前期感冒能怎么做,1
感冒,怀孕前期感冒了怎么办？？？,怀孕前期能不能感冒,0
感冒,怀孕前期感冒了怎么办？？？,怀孕前期感冒应注意什么,0
感冒,怀孕前期感冒了怎么办？？？,怀孕前期感冒的征兆是什么,0
感冒,怀孕前期感冒了怎么办？？？,怀孕前期感冒了怎样效果好？？？,1
感冒,怀孕前期感冒了怎么办？？？,怀孕前期感冒了用什么办法？？？,1
感冒,怀孕前期感冒了怎么办？？？,怀孕前期感冒了用输液吗？？？,0
感冒,怀孕前期感冒了怎么办？？？,怀孕前期感冒了尽量不用药可以吗？？？,0
感冒,怀孕前期感冒了怎么办？？？,怀孕前期感冒了发烧能用抗菌素吗？？？,0
感冒,怀孕前期感冒了怎么办？？？,怀孕前期感冒了怎么做才好？,1
感冒,怀孕前期感冒了怎么办？？？,怀孕前期感冒如何治疗？,1
感冒,怀孕前期感冒了怎么办？？？,刚怀孕感冒能吃感冒药吗？,0
感冒,怀孕前期感冒了怎么办？？？,怀孕初期感冒能喝生姜水吗？,0
感冒,怀孕前期感冒了怎么办？？？,刚怀孕就感冒了会影响胎儿吗？,0
感冒,孕妇感冒最快治疗方法有什么,孕妇感冒怎么好的快,1
感冒,孕妇感冒最快治疗方法有什么,怎样快速治疗孕妇感冒,1
感冒,孕妇感冒最快治疗方法有什么,孕妇感冒不能吃什么药,0
感冒,孕妇感冒最快治疗方法有什么,孕妇感冒吃什么好的快,0
感冒,孕妇感冒最快治疗方法有什么,秋季孕妇感冒怎么办,0
感冒,孕妇感冒最快治疗方法有什么,孕妇感冒最快治疗方法有哪些,1
感冒,孕妇感冒最快治疗方法有什么,孕妇感冒最快治疗方法有几种,1
感冒,孕妇感冒最快治疗方法有什么,孕妇感冒最快治疗方法是多喝水吗,0
感冒,孕妇感冒最快治疗方法有什么,孕妇感冒是免疫力低的原因吗,0
感冒,孕妇感冒最快治疗方法有什么,孕妇感冒了可以多运动吗,0
感冒,孕妇感冒最快治疗方法有什么,孕妇感冒快速治愈的方法有哪些,1
感冒,孕妇感冒最快治疗方法有什么,怀孕期间感冒了，快速高效的治疗方法有哪几种,1
感冒,孕妇感冒最快治疗方法有什么,孕妇感冒多喝白开水能好的快点吗,0
感冒,孕妇感冒最快治疗方法有什么,孕妇感冒可以多补充新鲜水果和蔬菜吗,0
感冒,孕妇感冒最快治疗方法有什么,孕妇感冒禁止吃辛辣和油炸食物对吗,0
感冒,怀孕五个多月感冒了怎么办,怀孕五个多月感冒有什么治疗方法,1
感冒,怀孕五个多月感冒了怎么办,怀孕五个多月感冒怎么做好,1
感冒,怀孕五个多月感冒了怎么办,怀孕五个多月感冒对胎儿有影响吗,0
感冒,怀孕五个多月感冒了怎么办,怀孕五个多月感冒最快治疗方法是什么,0
感冒,怀孕五个多月感冒了怎么办,怀孕五个多月感冒回致畸形吗,0
感冒,怀孕五个多月感冒了怎么办,怀孕五个多月感冒了如何用药,1
感冒,怀孕五个多月感冒了怎么办,怀孕五个多月感冒了有什么办法,1
感冒,怀孕五个多月感冒了怎么办,怀孕五个多月感冒了能吃感冒丸吗,0
感冒,怀孕五个多月感冒了怎么办,怀孕五个多月多喝水能预防感冒吗,0
感冒,怀孕五个多月感冒了怎么办,怀孕五个多月能喝板蓝根吗,0
感冒,总是感冒流鼻涕怎么办？,一直感冒流鼻涕怎么办,1
感冒,总是感冒流鼻涕怎么办？,总是感冒流鼻涕怎么治疗,1
感冒,总是感冒流鼻涕怎么办？,没感冒流鼻涕怎么办,0
感冒,总是感冒流鼻涕怎么办？,感冒好了一直流鼻涕怎么办,0
感冒,总是感冒流鼻涕怎么办？,伤风感冒流鼻涕怎么办,0
感冒,总是感冒流鼻涕怎么办？,总是感冒流鼻涕这可怎么治？,1
感冒,总是感冒流鼻涕怎么办？,总是感冒流鼻涕有什么好的办法？,1
感冒,总是感冒流鼻涕怎么办？,总是感冒流鼻涕服用伤风胶囊可以吗？,0
感冒,总是感冒流鼻涕怎么办？,感冒流鼻涕输液可以吗？,0
感冒,总是感冒流鼻涕怎么办？,总是感冒流鼻涕咳嗽用什么药？,0
感冒,藿香正气口服液和感冒药一样吗,藿香正气口服药和感冒药都是药吗,1
感冒,藿香正气口服液和感冒药一样吗,藿香正气口服药和感冒药效果一样吗,1
感冒,藿香正气口服液和感冒药一样吗,藿香正气口服液和感冒药能一起服用吗,0
感冒,藿香正气口服液和感冒药一样吗,藿香正气口服液治疗感冒吗,0
感冒,藿香正气口服液和感冒药一样吗,藿香正气口服药和感冒药同服伤肝吗,0
感冒,新康泰克通气鼻贴孕妇能用吗?,孕妇能用新康泰克通气鼻贴吗,1
感冒,新康泰克通气鼻贴孕妇能用吗?,孕妇用新康泰克通气鼻贴好不好,1
感冒,新康泰克通气鼻贴孕妇能用吗?,新康泰克通气鼻贴对孕妇的副作用,0
感冒,新康泰克通气鼻贴孕妇能用吗?,新康泰克通气鼻贴的原理,0
感冒,新康泰克通气鼻贴孕妇能用吗?,新康泰克通气鼻贴的成分,0
感冒,新康泰克通气鼻贴孕妇能用吗?,孕妇能用新康泰克通气鼻贴吗?,1
感冒,新康泰克通气鼻贴孕妇能用吗?,新康泰克通气鼻贴孕妇能不能用吗?,1
感冒,新康泰克通气鼻贴孕妇能用吗?,新康泰克通气鼻贴适用于哪些症状,0
感冒,新康泰克通气鼻贴孕妇能用吗?,新康泰克通气鼻贴一岁的宝宝能用吗?,0
感冒,新康泰克通气鼻贴孕妇能用吗?,新康泰克通气鼻贴治鼻炎可以吗?,0
感冒,孕妇感冒了吃什么好的快,孕妇感冒了应该吃什么,1
感冒,孕妇感冒了吃什么好的快,孕妇感冒推荐吃什么,1
感冒,孕妇感冒了吃什么好的快,孕妇发烧了吃什么药才好,0
感冒,孕妇感冒了吃什么好的快,孕妇经常咳嗽吃什么药好的快,0
感冒,孕妇感冒了吃什么好的快,孕妇感冒最快治疗方法是什么,0
感冒,小孩热伤风的症状有哪些?,小孩热伤风的特征是什么,1
感冒,小孩热伤风的症状有哪些?,小孩热伤风有什么症状,1
感冒,小孩热伤风的症状有哪些?,小孩热伤风最初的症状是什么,0
感冒,小孩热伤风的症状有哪些?,小孩热伤风的治疗有哪些,0
感冒,小孩热伤风的症状有哪些?,小孩热伤风的危害是什么,0
感冒,小孩热伤风的症状有哪些?,小孩热伤风的表现有哪些?,1
感冒,小孩热伤风的症状有哪些?,小孩热伤风有哪些症状?,1
感冒,小孩热伤风的症状有哪些?,小孩发烧流鼻涕是热伤风的症状吗?,0
感冒,小孩热伤风的症状有哪些?,小孩热伤风可以喝双黄连吗,0
感冒,小孩热伤风的症状有哪些?,小孩热伤风能喝抗生素吗,0
感冒,哺乳期妇女感冒吃什么药,哺乳期妇女感冒可以吃什么药,1
感冒,哺乳期妇女感冒吃什么药,那种感冒药孕妇可以吃,1
感冒,哺乳期妇女感冒吃什么药,哺乳期感冒的小妙招有什么,0
感冒,哺乳期妇女感冒吃什么药,哺乳期妇女感冒不能吃什么药,0
感冒,哺乳期妇女感冒吃什么药,哺乳期妇女感冒吃什么药不影响哺乳,0
感冒,哺乳期妇女感冒吃什么药,哺乳期妇女感冒能吃什么药,1
感冒,哺乳期妇女感冒吃什么药,哺乳期妇女感冒可以吃什么药,1
感冒,哺乳期妇女感冒吃什么药,哺乳期妇女感冒可以吃消炎药吗,0
感冒,哺乳期妇女感冒吃什么药,哺乳期妇女感冒吃药对孩子有影响吗,0
感冒,哺乳期妇女感冒吃什么药,哺乳期妇女感冒是病毒感染吗,0
感冒,孕妇8个月可以吃四季感冒片吗,怀孕八个月能不能吃四季感冒片,1
感冒,孕妇8个月可以吃四季感冒片吗,四季感冒药孕妇可以吃吗,1
感冒,孕妇8个月可以吃四季感冒片吗,孕妇经常感冒对胎儿有影响吗,0
感冒,孕妇8个月可以吃四季感冒片吗,孕妇季节性感冒怎么办,0
感冒,孕妇8个月可以吃四季感冒片吗,孕妇春季流感吃什么药,0
感冒,孕妇8个月可以吃四季感冒片吗,孕妇8个月能吃四季感冒片吗,1
感冒,孕妇8个月可以吃四季感冒片吗,怀8个月宝宝的孕妇吃四季感冒片行吗,1
感冒,孕妇8个月可以吃四季感冒片吗,孕妇8个月可以吃那些药,0
感冒,孕妇8个月可以吃四季感冒片吗,孕妇8个月多喝开水能预防感冒吗,0
感冒,孕妇8个月可以吃四季感冒片吗,吃四季感冒片对胎儿有影响吗,0
感冒,小宝宝感冒流鼻涕怎么办？,小宝宝感冒流鼻涕有什么好方法,1
感冒,小宝宝感冒流鼻涕怎么办？,小宝宝感冒流鼻涕最简单的方法,1
感冒,小宝宝感冒流鼻涕怎么办？,小宝宝伤风流鼻涕怎么办,0
感冒,小宝宝感冒流鼻涕怎么办？,小宝宝流鼻涕是感冒吗,0
感冒,小宝宝感冒流鼻涕怎么办？,小宝宝感冒是什么症状,0
感冒,小宝宝感冒流鼻涕怎么办？,孩子感冒流鼻涕有什么办法？,1
感冒,小宝宝感冒流鼻涕怎么办？,小宝宝感冒流鼻涕怎么治？,1
感冒,小宝宝感冒流鼻涕怎么办？,小宝宝感冒流鼻涕用海盐水喷鼻子行吗？,0
感冒,小宝宝感冒流鼻涕怎么办？,小宝宝感冒流鼻涕可以用消炎药吗？,0
感冒,小宝宝感冒流鼻涕怎么办？,如果小宝宝感冒流鼻涕不吃药保暖可以吗？,0
感冒,小宝宝感冒流鼻涕怎么办？,宝宝鼻塞感冒流鼻涕该怎么办？,1
感冒,小宝宝感冒流鼻涕怎么办？,小宝宝感冒流鼻涕该做什么？,1
感冒,小宝宝感冒流鼻涕怎么办？,宝宝感冒咳嗽流鼻涕，有痰，吃什么药啊？,0
感冒,小宝宝感冒流鼻涕怎么办？,宝宝感冒流鼻涕，吃点什么见效快？,0
感冒,小宝宝感冒流鼻涕怎么办？,孩子感冒流鼻涕鼻塞需要吃什么药物呢？,0
感冒,小宝宝感冒流鼻涕怎么办？,小宝宝感冒流鼻涕咋办,1
感冒,小宝宝感冒流鼻涕怎么办？,小宝宝感冒流鼻涕怎么办才好,1
感冒,小宝宝感冒流鼻涕怎么办？,小宝宝感冒流鼻涕是病毒性吗,0
感冒,小宝宝感冒流鼻涕怎么办？,小宝宝感冒流鼻涕是受凉了吗,0
感冒,小宝宝感冒流鼻涕怎么办？,小宝宝感冒流鼻涕能不能服用奥司他韦,0
感冒,感冒鼻塞流鼻涕吃什么药,感冒鼻塞流鼻涕吃什么药缓解,1
感冒,感冒鼻塞流鼻涕吃什么药,感冒引起的鼻塞流鼻涕吃什么药,1
感冒,感冒鼻塞流鼻涕吃什么药,感冒鼻塞流鼻涕是那种感冒,0
感冒,感冒鼻塞流鼻涕吃什么药,感冒鼻塞流鼻涕吃几种药,0
感冒,感冒鼻塞流鼻涕吃什么药,感冒鼻塞流鼻涕不能吃什么,0
感冒,感冒鼻塞流鼻涕吃什么药,感冒鼻塞流鼻涕怎么办,1
感冒,感冒鼻塞流鼻涕吃什么药,感冒鼻塞流鼻涕有什么方法,1
感冒,感冒鼻塞流鼻涕吃什么药,感冒鼻塞流鼻涕不严重不吃药行吗,0
感冒,感冒鼻塞流鼻涕吃什么药,感冒鼻塞流鼻涕清热解毒口服液能用吗,0
感冒,感冒鼻塞流鼻涕吃什么药,宝宝感冒鼻塞流鼻涕吃什么药,0
感冒,感冒挂什么科外科还是内科,感冒属于外科还是内科,1
感冒,感冒挂什么科外科还是内科,感冒挂什么科室,1
感冒,感冒挂什么科外科还是内科,外科和内科的区别,0
感冒,感冒挂什么科外科还是内科,内科和外科都包括什么,0
感冒,感冒挂什么科外科还是内科,感冒期间能做外科手术吗,0
感冒,感冒挂什么科外科还是内科,感冒挂外科还是内科,1
感冒,感冒挂什么科外科还是内科,感冒需要挂什么科,1
感冒,感冒挂什么科外科还是内科,感冒流鼻涕输液可以吗？,0
感冒,感冒挂什么科外科还是内科,感冒鼻塞流鼻涕有什么方法,0
感冒,感冒挂什么科外科还是内科,感冒鼻塞流鼻涕清热解毒口服液能用吗,0
感冒,怀孕第一个月吃感冒药有影响吗？,感冒药对孕妇有影响吗,1
感冒,怀孕第一个月吃感冒药有影响吗？,怀孕第一个月吃感冒药影响大吗,1
感冒,怀孕第一个月吃感冒药有影响吗？,怀孕第一个月吃感冒药对胎儿听力有影响吗,0
感冒,怀孕第一个月吃感冒药有影响吗？,怀孕第一个月吃什感冒药好,0
感冒,怀孕第一个月吃感冒药有影响吗？,怀孕第一个月吃感冒药对孩子有什么危害,0
感冒,怀孕第一个月吃感冒药有影响吗？,怀孕第一个月能吃感冒药吗,1
感冒,怀孕第一个月吃感冒药有影响吗？,怀孕第一个月吃感冒药可以吗？,1
感冒,怀孕第一个月吃感冒药有影响吗？,吃感冒药对胎儿有影响吗？,0
感冒,怀孕第一个月吃感冒药有影响吗？,怀孕后可以吃保健品吗？,0
感冒,怀孕第一个月吃感冒药有影响吗？,怀孕第一个月吃什么好？,0
感冒,怀孕第一个月吃感冒药有影响吗？,吃感冒药对孕妇有什么影响吗,1
感冒,怀孕第一个月吃感冒药有影响吗？,怀孕第一个月能吃感冒药吗,1
感冒,怀孕第一个月吃感冒药有影响吗？,怀孕期间发烧了吃什么药,0
感冒,怀孕第一个月吃感冒药有影响吗？,感冒药的注意事项是什么,0
感冒,怀孕第一个月吃感冒药有影响吗？,孕妇感冒注意多休息多喝水不吃药能不能好,0
感冒,感冒了嗓子不舒服怎么办,感冒了嗓子不舒服有什么妙招,1
感冒,感冒了嗓子不舒服怎么办,感冒嗓子不舒服的解决办法,1
感冒,感冒了嗓子不舒服怎么办,感冒嗓子不舒服不想吃药怎么办,0
感冒,感冒了嗓子不舒服怎么办,感冒嗓子不舒服可以吃阿莫西林吗,0
感冒,感冒了嗓子不舒服怎么办,嗓子不舒服不感冒怎么回事,0
感冒,感冒了嗓子不舒服怎么办,感冒了嗓子不舒服有什么好办法,1
感冒,感冒了嗓子不舒服怎么办,感冒了嗓子不舒服怎样治疗,1
感冒,感冒了嗓子不舒服怎么办,孩子感冒了嗓子不舒服喝板蓝根行吗,0
感冒,感冒了嗓子不舒服怎么办,嗓子不舒服喝头孢类药可以吗,0
感冒,感冒了嗓子不舒服怎么办,孩子感冒了嗓子不舒服怎么办,0
感冒,哺乳期感冒可以吃感冒药吗？,哺乳期的妈妈能否吃感冒药,1
感冒,哺乳期感冒可以吃感冒药吗？,浦乳期不小心感冒了，能不能吃些感冒药？,1
感冒,哺乳期感冒可以吃感冒药吗？,哺乳期感冒吃药影响孩子吗,0
感冒,哺乳期感冒可以吃感冒药吗？,哺乳期感冒不能吃感冒药吗,0
感冒,哺乳期感冒可以吃感冒药吗？,哺乳期感冒能吃退烧药吗,0
感冒,哺乳期感冒可以吃感冒药吗？,哺乳期的宝宝感冒能吃感冒药吗？,1
感冒,哺乳期感冒可以吃感冒药吗？,哺乳期的妈妈感冒吃感冒药行吗？,1
感冒,哺乳期感冒可以吃感冒药吗？,哺乳期的宝宝感冒能喝葱姜水吗,0
感冒,哺乳期感冒可以吃感冒药吗？,哺乳期妈妈感冒喝姜糖水有效果吗？,0
感冒,哺乳期感冒可以吃感冒药吗？,哺乳期感冒可以吃阿莫西林吗？,0
感冒,宝宝流鼻涕是感冒了吗？,宝宝流鼻涕是感冒症状吗,1
感冒,宝宝流鼻涕是感冒了吗？,宝宝流鼻涕就一定是感冒了吗,1
感冒,宝宝流鼻涕是感冒了吗？,宝宝流鼻涕怎么办,0
感冒,宝宝流鼻涕是感冒了吗？,宝宝流鼻涕是鼻炎吗,0
感冒,宝宝流鼻涕是感冒了吗？,宝宝流鼻涕感冒需要吃药吗,0
感冒,宝宝流鼻涕是感冒了吗？,宝宝流鼻涕是不是感冒了？,1
感冒,宝宝流鼻涕是感冒了吗？,宝宝流鼻涕是怎么办？,1
感冒,宝宝流鼻涕是感冒了吗？,宝宝流鼻涕需要吃药吗？,0
感冒,宝宝流鼻涕是感冒了吗？,宝宝流鼻涕能吃抗生素吗？,0
感冒,宝宝流鼻涕是感冒了吗？,宝宝流鼻涕注意保暖多喝水可以吗？,0
感冒,宝宝流鼻涕是感冒了吗？,宝宝流鼻涕是不是感冒了？,1
感冒,宝宝流鼻涕是感冒了吗？,小孩子流鼻涕是不是感冒的症状？,1
感冒,宝宝流鼻涕是感冒了吗？,宝宝流鼻涕是鼻炎吗,0
感冒,宝宝流鼻涕是感冒了吗？,宝宝流鼻涕可以多吃水果吗,0
感冒,宝宝流鼻涕是感冒了吗？,宝宝流鼻涕能喝萝卜煮水吗,0
感冒,孕妇感冒可以喝小柴胡颗粒吗,孕妇感冒能喝小柴胡颗粒吗,1
感冒,孕妇感冒可以喝小柴胡颗粒吗,孕妇感冒要不要喝小柴胡颗粒,1
感冒,孕妇感冒可以喝小柴胡颗粒吗,小柴胡颗粒孕妇用量,0
感冒,孕妇感冒可以喝小柴胡颗粒吗,孕妇治感冒最快的方法,0
感冒,孕妇感冒可以喝小柴胡颗粒吗,小柴胡颗粒禁忌孕妇,0
感冒,孕妇感冒可以喝小柴胡颗粒吗,孕妇感冒可不可以喝小柴胡颗粒,1
感冒,孕妇感冒可以喝小柴胡颗粒吗,孕妇感冒喝小柴胡颗粒行吗,1
感冒,孕妇感冒可以喝小柴胡颗粒吗,孕妇感冒是免疫力低的原因吗,0
感冒,孕妇感冒可以喝小柴胡颗粒吗,孕妇感冒流鼻涕可以喝感冒灵吗,0
感冒,孕妇感冒可以喝小柴胡颗粒吗,孕妇感冒咳嗽可以双黄连吗,0
感冒,打喷嚏流鼻涕咳嗽吃什么药,打喷嚏流鼻涕咳嗽需要吃什么,1
感冒,打喷嚏流鼻涕咳嗽吃什么药,打喷嚏流鼻涕咳嗽能吃什么,1
感冒,打喷嚏流鼻涕咳嗽吃什么药,打喷嚏流鼻涕是感冒吗,0
感冒,打喷嚏流鼻涕咳嗽吃什么药,打喷嚏流鼻涕属于什么感冒,0
感冒,打喷嚏流鼻涕咳嗽吃什么药,打喷嚏流鼻涕咳嗽挂什么科室,0
感冒,孕妇经常闻风油精和花露水好吗,孕妇能不能经常闻风油精和花露水,1
感冒,孕妇经常闻风油精和花露水好吗,孕妇经常闻花露水和风油精有影响吗,1
感冒,孕妇经常闻风油精和花露水好吗,孕妇经常闻花露水和风油精是病吗,0
感冒,孕妇经常闻风油精和花露水好吗,花露水和风油精那个对孕妇危害小,0
感冒,孕妇经常闻风油精和花露水好吗,孕妇经常闻风油精和花露水会流产吗,0
感冒,孕妇经常闻风油精和花露水好吗,孕妇能经常闻风油精和花露水吗,1
感冒,孕妇经常闻风油精和花露水好吗,孕妇经常闻风油精和花露水行吗,1
感冒,孕妇经常闻风油精和花露水好吗,孕妇经常喝咖啡好吗,0
感冒,孕妇经常闻风油精和花露水好吗,孕妇能外用风油精吗,0
感冒,孕妇经常闻风油精和花露水好吗,孕妇经常用花露水对胎儿有影响吗,0
感冒,要是孕妇感冒了吃什么好？？,要是孕妇感冒了可以吃什么,1
感冒,要是孕妇感冒了吃什么好？？,吃什么对孕妇感冒好,1
感冒,要是孕妇感冒了吃什么好？？,孕妇吃什么预防感冒,0
感冒,要是孕妇感冒了吃什么好？？,要是孕妇感冒不能吃什么,0
感冒,要是孕妇感冒了吃什么好？？,要是孕妇感冒了吃什么药,0
感冒,要是孕妇感冒了吃什么好？？,要是孕妇感冒了能吃什么？？,1
感冒,要是孕妇感冒了吃什么好？？,要是孕妇感冒了可以吃什么？？,1
感冒,要是孕妇感冒了吃什么好？？,要是孕妇感冒了能用药吗？？,0
感冒,要是孕妇感冒了吃什么好？？,孕妇感冒了用苹果蜂蜜水好不好？？,0
感冒,要是孕妇感冒了吃什么好？？,孕妇感冒了用热水烫脚可以吗？？,0
感冒,小孩感冒发热吃药好还是打针好？,小还感冒发热怎样处理比较好,1
感冒,小孩感冒发热吃药好还是打针好？,小孩感冒发热建议吃药还是打针,1
感冒,小孩感冒发热吃药好还是打针好？,小孩感冒发热吃药打针可以一起吗,0
感冒,小孩感冒发热吃药好还是打针好？,小孩感冒发热吃药打针对孩子的危害一样吗,0
感冒,小孩感冒发热吃药好还是打针好？,小孩感冒发热不吃药不打针行吗,0
感冒,小孩感冒发热吃药好还是打针好？,小孩感冒发热吃药打针那个好？,1
感冒,小孩感冒发热吃药好还是打针好？,小孩感冒发热吃药还是打针？,1
感冒,小孩感冒发热吃药好还是打针好？,小孩感冒发热能吃清开灵颗粒吗？,0
感冒,小孩感冒发热吃药好还是打针好？,小孩感冒发热超38度必须打针吗？,0
感冒,小孩感冒发热吃药好还是打针好？,小孩感冒发热吃那种药退烧效果好？,0
感冒,排卵期前吃感冒药还能怀孕吗,排卵期前吃了感冒药影响怀孕吗,1
感冒,排卵期前吃感冒药还能怀孕吗,排卵期吃感冒药可以怀孕吗,1
感冒,排卵期前吃感冒药还能怀孕吗,排卵期前吃感冒药怀孕孩子能不能要,0
感冒,排卵期前吃感冒药还能怀孕吗,排卵期前吃感冒药月经会推迟吗,0
感冒,排卵期前吃感冒药还能怀孕吗,排卵期前吃感冒药怀孕对孩子有影响吗,0
感冒,排卵期前吃感冒药还能怀孕吗,排卵期前吃感冒药能怀孕吗,1
感冒,排卵期前吃感冒药还能怀孕吗,排卵期前吃感冒药还有可能怀孕吗,1
感冒,排卵期前吃感冒药还能怀孕吗,排卵期前吃感冒药怀孕了有影响吗,0
感冒,排卵期前吃感冒药还能怀孕吗,排卵期前感冒了月经会推迟吗,0
感冒,排卵期前吃感冒药还能怀孕吗,排卵期后多久能测出怀孕,0
感冒,宝宝有透明粘鼻涕怎么办,宝宝有透明粘鼻涕需要治疗吗,1
感冒,宝宝有透明粘鼻涕怎么办,宝宝有透明粘鼻涕需要处理吗,1
感冒,宝宝有透明粘鼻涕怎么办,宝宝有透明粘鼻涕是感冒吗,0
感冒,宝宝有透明粘鼻涕怎么办,宝宝有透明粘鼻涕是鼻炎吗,0
感冒,宝宝有透明粘鼻涕怎么办,宝宝有透明粘鼻涕正常吗,0
感冒,宝宝有透明粘鼻涕怎么办,宝宝有透明粘鼻涕怎样治,1
感冒,宝宝有透明粘鼻涕怎么办,宝宝有透明粘鼻涕有什么方法,1
感冒,宝宝有透明粘鼻涕怎么办,宝宝有透明粘鼻涕是受凉了吗,0
感冒,宝宝有透明粘鼻涕怎么办,宝宝有透明粘鼻涕能贴鼻贴吗,0
感冒,宝宝有透明粘鼻涕怎么办,宝宝有透明粘鼻涕能吃消炎药吗,0
感冒,晕车吃三九感冒灵管用吗,晕车能吃三九感冒灵吗,1
感冒,晕车吃三九感冒灵管用吗,晕车吃三九感冒灵可以吗,1
感冒,晕车吃三九感冒灵管用吗,晕车不能吃什么药,0
感冒,晕车吃三九感冒灵管用吗,晕车不能吃三九感冒灵,0
感冒,晕车吃三九感冒灵管用吗,晕车吃什么药好,0
感冒,晕车吃三九感冒灵管用吗,晕车可以吃三九感冒灵吗,1
感冒,晕车吃三九感冒灵管用吗,晕车能不能吃三九感冒灵,1
感冒,晕车吃三九感冒灵管用吗,晕车吃什么药好,0
感冒,晕车吃三九感冒灵管用吗,感冒咳嗽可以吃三九感冒灵吗,0
感冒,晕车吃三九感冒灵管用吗,晕车药和感冒药能同时吃吗,0
感冒,一岁半的小孩不感冒老是流鼻涕怎么办呀,一岁半的小孩不感冒老是流鼻涕怎么用药,1
感冒,一岁半的小孩不感冒老是流鼻涕怎么办呀,一岁半的小孩不感冒老是流鼻涕该怎么治,1
感冒,一岁半的小孩不感冒老是流鼻涕怎么办呀,一岁半的小孩感冒老是流鼻涕怎么办呀,0
感冒,一岁半的小孩不感冒老是流鼻涕怎么办呀,一岁半的小孩感冒后好了还咳嗽怎么办呀,0
感冒,一岁半的小孩不感冒老是流鼻涕怎么办呀,一岁半的小孩老是流黄浓鼻涕怎么办呀,0
感冒,一岁半的小孩不感冒老是流鼻涕怎么办呀,一岁半的小孩不感冒老是流鼻涕有什么办法,1
感冒,一岁半的小孩不感冒老是流鼻涕怎么办呀,一岁半的小孩不感冒老是流鼻涕怎样治疗,1
感冒,一岁半的小孩不感冒老是流鼻涕怎么办呀,一岁半的小孩老是流鼻涕是感冒了吗,0
感冒,一岁半的小孩不感冒老是流鼻涕怎么办呀,一岁半的小孩老是流鼻涕是鼻炎吗,0
感冒,一岁半的小孩不感冒老是流鼻涕怎么办呀,不感冒老是流鼻涕能喝清开灵吗,0
感冒,经常感冒是怎么引起的啊？,经常感冒是怎么回事啊？,1
感冒,经常感冒是怎么引起的啊？,经常感冒是什么原因引起的啊？,1
感冒,经常感冒是怎么引起的啊？,经常感冒老是治不好怎么办？,0
感冒,经常感冒是怎么引起的啊？,经常感冒是吃什么药好？,0
感冒,经常感冒是怎么引起的啊？,经常感冒引起的扁桃体炎一直不好怎么办,0
感冒,经常感冒是怎么引起的啊？,为什么经常感冒？,1
感冒,经常感冒是怎么引起的啊？,经常感冒有什么办法治吗？,1
感冒,经常感冒是怎么引起的啊？,经常感冒是身体里有细菌吗,0
感冒,经常感冒是怎么引起的啊？,经常感冒吃什么增加抵抗力？,0
感冒,经常感冒是怎么引起的啊？,经常感冒过敏性鼻炎吗是？,0
感冒,感冒嗓子疼的厉害怎么办？,感冒嗓子疼的厉害该怎么治？,1
感冒,感冒嗓子疼的厉害怎么办？,感冒嗓子疼的厉害有什么办法？,1
感冒,感冒嗓子疼的厉害怎么办？,感冒嗓子疼的厉害吃什么消炎药？,0
感冒,感冒嗓子疼的厉害怎么办？,感冒嗓子疼的厉害可以吃抗病毒的药吗,0
感冒,感冒嗓子疼的厉害怎么办？,感冒嗓子疼的厉害能引起咽喉炎吗？,0
感冒,感冒嗓子疼的厉害怎么办？,感冒嗓子疼的厉害怎么治疗？,1
感冒,感冒嗓子疼的厉害怎么办？,感冒嗓子疼的厉害有什么办法？,1
感冒,感冒嗓子疼的厉害怎么办？,感冒嗓子疼的厉害是咽炎吗？,0
感冒,感冒嗓子疼的厉害怎么办？,感冒嗓子疼咳嗽和双黄连可以吗？,0
感冒,感冒嗓子疼的厉害怎么办？,小孩子感冒嗓子疼能输消炎药吗？,0
感冒,小孩子老是感冒该怎么办啊？,小孩子为什么老是感冒,1
感冒,小孩子老是感冒该怎么办啊？,小孩子老是感冒该怎么治疗？,1
感冒,小孩子老是感冒该怎么办啊？,小孩子老是感冒是什么原因引起的啊？,0
感冒,小孩子老是感冒该怎么办啊？,小孩子老是感冒应该注意哪些？,0
感冒,小孩子老是感冒该怎么办啊？,小孩子老是感冒能用抗菌素吗？,0
感冒,小孩子老是感冒该怎么办啊？,小孩子老是感冒怎么治？,1
感冒,小孩子老是感冒该怎么办啊？,为什么小孩子老是感冒？,1
感冒,小孩子老是感冒该怎么办啊？,小孩子老是感冒能打流感疫苗吗？,0
感冒,小孩子老是感冒该怎么办啊？,小孩子老是感冒该怎样增强免疫力？,0
感冒,小孩子老是感冒该怎么办啊？,小孩子老是感冒咳嗽是上呼吸道感染吗？,0
感冒,抵抗力差容易感冒吃什么好,抵抗力差容易感冒可以吃什么,1
感冒,抵抗力差容易感冒吃什么好,抵抗力差容易感冒能吃什么,1
感冒,抵抗力差容易感冒吃什么好,抵抗力差容易感冒要多喝水,0
感冒,抵抗力差容易感冒吃什么好,抵抗力差容易感冒需要注意什么,0
感冒,抵抗力差容易感冒吃什么好,抵抗力差容易感冒吃新鲜水果能增加抵抗力,0
感冒,抵抗力差容易感冒吃什么好,抵抗力差容易感冒补充什么好,1
感冒,抵抗力差容易感冒吃什么好,抵抗力差容易感冒能吃什么,1
感冒,抵抗力差容易感冒吃什么好,宝宝抵抗力差容易感冒多吃水果好吗,0
感冒,抵抗力差容易感冒吃什么好,增强锻炼预防抵抗力差容易感冒吗,0
感冒,抵抗力差容易感冒吃什么好,抵抗力差的人容易患上呼吸道感染吗,0
感冒,怀孕感冒喉咙痛吃什么药好,怀孕感冒喉咙痛能吃什么药,1
感冒,怀孕感冒喉咙痛吃什么药好,怀孕感冒喉咙痛可以吃什么药,1
感冒,怀孕感冒喉咙痛吃什么药好,怀孕感冒喉咙痛能吃消炎药吗,0
感冒,怀孕感冒喉咙痛吃什么药好,怀孕感冒喉咙痛能吃清热解毒的药吗,0
感冒,怀孕感冒喉咙痛吃什么药好,怀孕感冒喉咙痛要多喝水,0
感冒,怀孕感冒喉咙痛吃什么药好,怀孕感冒喉咙痛能吃什么药,1
感冒,怀孕感冒喉咙痛吃什么药好,怀孕感冒喉咙痛可以吃什么药,1
感冒,怀孕感冒喉咙痛吃什么药好,怀孕感冒喉咙痛能输消炎药吗,0
感冒,怀孕感冒喉咙痛吃什么药好,怀孕感冒喉咙痛是上火还是病毒感染,0
感冒,怀孕感冒喉咙痛吃什么药好,怀孕容易感冒补充营养可以吗,0
感冒,感冒喉咙痛吃什么水果好,感冒喉咙痛可以吃什么水果,1
感冒,感冒喉咙痛吃什么水果好,感冒喉咙痛能吃什么水果,1
感冒,感冒喉咙痛吃什么水果好,感冒喉咙痛不能吃什么水果,0
感冒,感冒喉咙痛吃什么水果好,感冒喉咙痛可以吃凉性水果,0
感冒,感冒喉咙痛吃什么水果好,感冒喉咙痛是不是咽喉炎,0
感冒,感冒喉咙痛吃什么水果好,感冒喉咙痛什么水果可以吃,1
感冒,感冒喉咙痛吃什么水果好,感冒喉咙痛能吃什么水果,1
感冒,感冒喉咙痛吃什么水果好,感冒喉咙痛能吃火龙果吗,0
感冒,感冒喉咙痛吃什么水果好,感冒喉咙痛多喝白开水好吗,0
感冒,感冒喉咙痛吃什么水果好,感冒喉咙痛可以喝葱姜水吗,0
感冒,宝宝流清鼻涕，吃什么药好？,宝宝流清鼻涕，能吃什么药？,1
感冒,宝宝流清鼻涕，吃什么药好？,宝宝流清鼻涕感冒，吃什么药好？,1
感冒,宝宝流清鼻涕，吃什么药好？,宝宝流清鼻涕打喷嚏注意不要受凉？,0
感冒,宝宝流清鼻涕，吃什么药好？,宝宝流清鼻涕有小偏方吗？,0
感冒,宝宝流清鼻涕，吃什么药好？,宝宝流清鼻涕咳嗽怎么办？,0
感冒,宝宝流清鼻涕，吃什么药好？,宝宝流清鼻涕，可以吃什么药？,1
感冒,宝宝流清鼻涕，吃什么药好？,宝宝流清鼻涕，用吃什么药？,1
感冒,宝宝流清鼻涕，吃什么药好？,宝宝流清鼻涕是感冒吗？,0
感冒,宝宝流清鼻涕，吃什么药好？,宝宝流清鼻涕是鼻炎？,0
感冒,宝宝流清鼻涕，吃什么药好？,宝宝流清鼻涕可以喝葱姜水吗？,0
感冒,感冒头痛全身酸痛眼睛迷糊怎么办,感冒头痛全身酸痛眼睛迷糊是为什么,1
感冒,感冒头痛全身酸痛眼睛迷糊怎么办,感冒头痛全身酸痛眼睛迷糊是怎么回事,1
感冒,感冒头痛全身酸痛眼睛迷糊怎么办,感冒头痛全身酸痛眼睛迷糊要多喝水,0
感冒,感冒头痛全身酸痛眼睛迷糊怎么办,感冒头痛全身酸痛眼睛迷糊可以用抗生素吗,0
感冒,感冒头痛全身酸痛眼睛迷糊怎么办,感冒头痛全身酸痛眼睛迷糊要多休息,0
感冒,感冒头痛全身酸痛眼睛迷糊怎么办,感冒头痛全身酸痛眼睛迷糊怎么治,1
感冒,感冒头痛全身酸痛眼睛迷糊怎么办,感冒头痛全身酸痛眼睛迷糊有什么方法,1
感冒,感冒头痛全身酸痛眼睛迷糊怎么办,感冒头痛全身酸痛可以服用板蓝根吗,0
感冒,感冒头痛全身酸痛眼睛迷糊怎么办,孩子感冒头痛能吃银翘解毒丸吗,0
感冒,感冒头痛全身酸痛眼睛迷糊怎么办,全身酸痛眼睛迷糊于颈椎有关系吗,0
感冒,感冒流鼻涕头疼发热全身出虚汗怎么办,感冒流鼻涕头疼发热全身出虚汗是为什么,1
感冒,感冒流鼻涕头疼发热全身出虚汗怎么办,感冒流鼻涕头疼发热全身出虚汗能用什么药,1
感冒,感冒流鼻涕头疼发热全身出虚汗怎么办,感冒流鼻涕头疼发热全身出虚汗是流感的症状,0
感冒,感冒流鼻涕头疼发热全身出虚汗怎么办,感冒流鼻涕头疼发热怎么办,0
感冒,感冒流鼻涕头疼发热全身出虚汗怎么办,感冒流鼻涕头疼发热全身出虚汗需要多休息,0
感冒,感冒流鼻涕头疼发热全身出虚汗怎么办,感冒流鼻涕头疼发热全身出虚汗有什么办法,1
感冒,感冒流鼻涕头疼发热全身出虚汗怎么办,感冒流鼻涕头疼发热全身出虚汗怎么治,1
感冒,感冒流鼻涕头疼发热全身出虚汗怎么办,感冒头疼发热全身出虚汗对胎儿有影响吗,0
感冒,感冒流鼻涕头疼发热全身出虚汗怎么办,头疼发热全身出虚汗是感冒的症状吗,0
感冒,感冒流鼻涕头疼发热全身出虚汗怎么办,感冒流鼻涕头疼发热输双黄连可以吗,0
感冒,感冒了吃药时可以喝茶叶水吗？,感冒了吃药时能喝茶叶水吗？,1
感冒,感冒了吃药时可以喝茶叶水吗？,感冒了吃药时茶叶水能服用吗？,1
感冒,感冒了吃药时可以喝茶叶水吗？,感冒了吃药时不可以喝茶叶水,0
感冒,感冒了吃药时可以喝茶叶水吗？,感冒了吃药时可以喝白开水,0
感冒,感冒了吃药时可以喝茶叶水吗？,感冒了吃药时不可以用茶叶水吗？,0
感冒,感冒了吃药时可以喝茶叶水吗？,感冒了吃药时能喝茶叶水吗？,1
感冒,感冒了吃药时可以喝茶叶水吗？,感冒了吃药时喝茶叶水可以吗？,1
感冒,感冒了吃药时可以喝茶叶水吗？,感冒了吃药时能用果汁吗,0
感冒,感冒了吃药时可以喝茶叶水吗？,感冒了能喝抗病毒口服液吗,0
感冒,感冒了吃药时可以喝茶叶水吗？,风热型感冒吃什么药好,0
感冒,感冒了吃药时可以喝茶叶水吗？,感冒了吃药时能喝茶叶水吗？,1
感冒,感冒了吃药时可以喝茶叶水吗？,感冒了吃药时茶叶水能服用吗？,1
感冒,感冒了吃药时可以喝茶叶水吗？,感冒了吃药时可以喝抗病毒口服液吗,0
感冒,感冒了吃药时可以喝茶叶水吗？,感冒了吃药时多喝白开水有效吗,0
感冒,感冒了吃药时可以喝茶叶水吗？,感冒了吃药时能喝奶茶吗？,0
感冒,感冒期间能怀孕吗请问？,感冒期间能不能怀孕请问？,1
感冒,感冒期间能怀孕吗请问？,感冒期间可以怀孕吗请问？,1
感冒,感冒期间能怀孕吗请问？,感冒期间怀孕了请问怎么办？,0
感冒,感冒期间能怀孕吗请问？,感冒期间怀孕能吃药吗请问？,0
感冒,感冒期间能怀孕吗请问？,感冒期间怀孕能补充营养品吗,0
感冒,感冒期间能怀孕吗请问？,感冒期间能不能怀孕请问？,1
感冒,感冒期间能怀孕吗请问？,感冒期间可以怀孕吗请问？,1
感冒,感冒期间能怀孕吗请问？,感冒期间怀孕对胎儿有影响吗请问？,0
感冒,感冒期间能怀孕吗请问？,怀孕感冒了吃什么药,0
感冒,感冒期间能怀孕吗请问？,感冒期间可以锻炼身体吗,0
感冒,怀孕16周多感冒了怎么办。。,怀孕16周多感冒了有什么办法吗,1
感冒,怀孕16周多感冒了怎么办。。,怀孕16周多感冒了能吃药吗,1
感冒,怀孕16周多感冒了怎么办。。,怀孕16周多感冒了能打点滴吗,0
感冒,怀孕16周多感冒了怎么办。。,怀孕16周多感冒了吃药对胎儿有影响吗,0
感冒,怀孕16周多感冒了怎么办。。,怀孕16周多感冒了多喝红糖水不吃药可以吗,0
感冒,孕妇感冒，咽喉肿痛，能按哪些穴位,孕妇感冒，咽喉肿痛，不能按那些穴位,1
感冒,孕妇感冒，咽喉肿痛，能按哪些穴位,孕妇感冒，咽喉肿痛，可以按那些穴位,1
感冒,孕妇感冒，咽喉肿痛，能按哪些穴位,孕妇感冒，咽喉肿痛，可以用药吗,0
感冒,孕妇感冒，咽喉肿痛，能按哪些穴位,孕妇感冒，咽喉肿痛，可以喝消炎药吗,0
感冒,孕妇感冒，咽喉肿痛，能按哪些穴位,孕妇感冒，咽喉肿痛，能喝冰糖雪梨水吗,0
感冒,感冒了鼻子不通气怎么办,感冒了鼻子不通气有啥办法,1
感冒,感冒了鼻子不通气怎么办,感冒了鼻子不通气怎么治,1
感冒,感冒了鼻子不通气怎么办,鼻子不通气可以吃连花清瘟胶囊吗,0
感冒,感冒了鼻子不通气怎么办,感冒了鼻子不通气喝葱姜水可以吗,0
感冒,感冒了鼻子不通气怎么办,感冒了鼻子不通气用吃消炎药吗,0
感冒,怀孕40周，感冒怎么办？,怀孕40周，感冒怎样治？,1
感冒,怀孕40周，感冒怎么办？,怀孕40周，感冒能用药吗？,1
感冒,怀孕40周，感冒怎么办？,怀孕40周咳嗽可以吃抗生素吗？,0
感冒,怀孕40周，感冒怎么办？,怀孕40周可以做哪些运动,0
感冒,怀孕40周，感冒怎么办？,怀孕40周还用补充营养吗,0
感冒,感冒了还能给孩子喂奶吗???,哺乳妈妈感冒了能喂孩子吗?,1
感冒,感冒了还能给孩子喂奶吗???,感冒了可以给宝宝喂奶吗？,1
感冒,感冒了还能给孩子喂奶吗???,孩子感冒了可以喝加热过的牛奶吗？,0
感冒,感冒了还能给孩子喂奶吗???,小孩子感冒了可以吃蛋糕吗?,0
感冒,感冒了还能给孩子喂奶吗???,宝宝感冒了可以喝冰糖水吗？,0
感冒,宝宝流鼻涕鼻子不通怎么办,宝宝流鼻涕鼻子不通怎么处理？,1
感冒,宝宝流鼻涕鼻子不通怎么办,宝宝感冒了，流鼻涕鼻子不通，怎么办？,1
感冒,宝宝流鼻涕鼻子不通怎么办,鼻子不通对宝宝有影响吗？,0
感冒,宝宝流鼻涕鼻子不通怎么办,鼻子不透气，可以吃小儿氨酚黄纳敏吗？,0
感冒,宝宝流鼻涕鼻子不通怎么办,宝宝感冒发烧咳嗽，鼻子出血是怎么回事？,0
感冒,宝宝流鼻涕鼻子不通怎么办,宝宝流鼻涕鼻子不通该咋办,1
感冒,宝宝流鼻涕鼻子不通怎么办,宝宝流鼻涕鼻子不通有什么小妙招,1
感冒,宝宝流鼻涕鼻子不通怎么办,宝宝流鼻涕鼻子不通是感冒了吗,0
感冒,宝宝流鼻涕鼻子不通怎么办,宝宝流鼻涕鼻子不通需要吃什么药,0
感冒,宝宝流鼻涕鼻子不通怎么办,宝宝流鼻涕鼻子不通用不用吃药,0
感冒,转移因子胶囊和口服液哪个效果好,转移因子胶囊和口服液哪个疗效更好一些?,1
感冒,转移因子胶囊和口服液哪个效果好,转移因子是口服液的好还是胶囊的好？,1
感冒,转移因子胶囊和口服液哪个效果好,转移因子胶囊有什么副作用?,0
感冒,转移因子胶囊和口服液哪个效果好,那个厂家的转移因子口服液好？,0
感冒,转移因子胶囊和口服液哪个效果好,转移因子口服液什么时间喝好？,0
感冒,转移因子胶囊和口服液哪个效果好,转移因子胶囊和口服液哪个管用,1
感冒,转移因子胶囊和口服液哪个效果好,转移因子胶囊和口服液效果一样吗,1
感冒,转移因子胶囊和口服液哪个效果好,转移因子胶囊是一种增强免疫力的药吗,0
感冒,转移因子胶囊和口服液哪个效果好,转移因子胶囊和口服液可以一起吃吗,0
感冒,转移因子胶囊和口服液哪个效果好,转移因子胶囊和口服液治什么病,0
感冒,感冒最主要的传播途径是什么,感冒最主要是通过什么传播的?,1
感冒,感冒最主要的传播途径是什么,感冒主要是怎么传播的？,1
感冒,感冒最主要的传播途径是什么,感冒的传染期是什么时候？,0
感冒,感冒最主要的传播途径是什么,感冒的症状有哪些？,0
感冒,感冒最主要的传播途径是什么,感冒吃什么药最好？,0
感冒,感冒一直流鼻涕怎么回事,感冒总流鼻涕是怎么回事呀？,1
感冒,感冒一直流鼻涕怎么回事,经常感冒流鼻涕，是什么原因？,1
感冒,感冒一直流鼻涕怎么回事,感冒流鼻涕，可以吃什么？,0
感冒,感冒一直流鼻涕怎么回事,感冒流鼻涕这种情况能喝牛奶吗？,0
感冒,感冒一直流鼻涕怎么回事,感冒流鼻涕可以喝冰水么？,0
感冒,感冒一直流鼻涕怎么回事,感冒一直流鼻涕是因为什么,1
感冒,感冒一直流鼻涕怎么回事,为什么感冒就一直流鼻涕,1
感冒,感冒一直流鼻涕怎么回事,感冒一直流鼻涕应该注意什么,0
感冒,感冒一直流鼻涕怎么回事,感冒一直流鼻涕可以服用什么药吗,0
感冒,感冒一直流鼻涕怎么回事,感冒一直流鼻涕可以长期服用感冒药吗,0
感冒,怀孕26周了，感冒可以喝生姜水吗？,怀孕感冒了能喝生姜水吗？,1
感冒,怀孕26周了，感冒可以喝生姜水吗？,怀孕了，但是感冒不能吃药，能喝煮的姜水吗？,1
感冒,怀孕26周了，感冒可以喝生姜水吗？,喝姜水，对胎儿有影响吗？,0
感冒,怀孕26周了，感冒可以喝生姜水吗？,感冒喝红糖姜汤水和吃冰糖炖梨有用吗？,0
感冒,怀孕26周了，感冒可以喝生姜水吗？,孕38周感冒发热37.5，可以用药吗？,0
感冒,怀孕26周了，感冒可以喝生姜水吗？,怀孕26周了，感冒了生姜水可以喝吗,1
感冒,女性有点感冒能过性生活吗,感冒了性生活有影响吗？,1
感冒,女性有点感冒能过性生活吗,感冒期间能过性生活吗？,1
感冒,女性有点感冒能过性生活吗,感觉有点感冒，多久才能吃药呢？,0
感冒,女性有点感冒能过性生活吗,性生活过发现腿软有点感冒怎么回事？,0
感冒,女性有点感冒能过性生活吗,感冒后可以跑步吗？,0
感冒,女性有点感冒能过性生活吗,女性有点感冒过性生活可以吗,1
感冒,女性有点感冒能过性生活吗,感冒的女性可以过性生活吗,1
感冒,女性有点感冒能过性生活吗,女性有点感冒能洗澡吗,0
感冒,女性有点感冒能过性生活吗,女性有点感冒有必要吃感冒药吗,0
感冒,女性有点感冒能过性生活吗,女性有点感冒吃什么效果好,0
感冒,怀孕期间感冒了可以打点滴吗,在怀孕期间感冒了能输液吗？,1
感冒,怀孕期间感冒了可以打点滴吗,孕妇感冒严重能输液吗?,1
感冒,怀孕期间感冒了可以打点滴吗,怀孕期间感冒，打点滴和吃药对胎儿有影响吗？,0
感冒,怀孕期间感冒了可以打点滴吗,感冒输液后多久可以怀孕？,0
感冒,怀孕期间感冒了可以打点滴吗,怀孕期间感冒可以吃什么药？,0
感冒,怀孕期间感冒了可以打点滴吗,怀孕期间感冒了打点滴可以吗,1
感冒,怀孕期间感冒了可以打点滴吗,怀孕期间感冒了能打点滴吗,1
感冒,怀孕期间感冒了可以打点滴吗,怀孕期间感冒了能过性生活吗,0
感冒,怀孕期间感冒了可以打点滴吗,怀孕期间感冒对宝宝有什么影响吗,0
感冒,怀孕期间感冒了可以打点滴吗,怀孕期间感冒会引起发烧吗,0
感冒,感冒不停打喷嚏应该怎么办,感冒打喷嚏该怎么办呢？,1
感冒,感冒不停打喷嚏应该怎么办,一直不停的打喷嚏，感冒了怎么办呢？,1
感冒,感冒不停打喷嚏应该怎么办,打了两天的喷嚏，这是怎么回事，感冒会一直打喷嚏吗？,0
感冒,感冒不停打喷嚏应该怎么办,感冒淌鼻涕吃什么药好？,0
感冒,感冒不停打喷嚏应该怎么办,感冒不停打喷嚏需要怎么治疗？,0
感冒,感冒不停打喷嚏应该怎么办,感冒不停打喷嚏怎么办才好,1
感冒,感冒不停打喷嚏应该怎么办,感冒不停打喷嚏应该怎么样,1
感冒,感冒不停打喷嚏应该怎么办,感冒不停打喷嚏会不会是病毒性感冒,0
感冒,感冒不停打喷嚏应该怎么办,感冒不停打喷嚏可以吃维c银翘片吗,0
感冒,感冒不停打喷嚏应该怎么办,感冒不停打喷嚏属于什么感冒,0
感冒,感冒流鼻涕咳嗽有痰怎么治疗,感冒流鼻涕伴有咳嗽，咳嗽有痰，该怎么治疗？,1
感冒,感冒流鼻涕咳嗽有痰怎么治疗,感冒流鼻涕咳嗽有痰该怎么办？,1
感冒,感冒流鼻涕咳嗽有痰怎么治疗,小孩感冒流鼻涕咳嗽喉咙有痰吃什么药好？,0
感冒,感冒流鼻涕咳嗽有痰怎么治疗,感冒流鼻涕柴桂和氨溴索可以喝吗？,0
感冒,感冒流鼻涕咳嗽有痰怎么治疗,咳嗽，流鼻涕，喉咙有痰，吃了药不见好转怎么回事？,0
感冒,感冒流鼻涕咳嗽有痰怎么治疗,感冒流鼻涕咳嗽有痰该怎么办,1
感冒,感冒流鼻涕咳嗽有痰怎么治疗,怎么治疗感冒流鼻涕咳嗽有痰,1
感冒,感冒流鼻涕咳嗽有痰怎么治疗,感冒流鼻涕咳嗽有痰可以洗澡吗,0
感冒,感冒流鼻涕咳嗽有痰怎么治疗,感冒流鼻涕咳嗽有痰可以吃水果吗,0
感冒,感冒流鼻涕咳嗽有痰怎么治疗,感冒流鼻涕咳嗽有痰不吃药能好吗,0
感冒,怀孕期间感冒一直不好怎么办,刚怀孕，感冒了怎么办？,1
感冒,怀孕期间感冒一直不好怎么办,怀孕了，经常感冒怎么办？,1
感冒,怀孕期间感冒一直不好怎么办,怀孕期间感冒能吃什么药？,0
感冒,怀孕期间感冒一直不好怎么办,怀孕了怎么样治感冒？,0
感冒,怀孕期间感冒一直不好怎么办,怀孕初期吃感冒药或其他多药会怎么样呢？,0
感冒,怀孕期间感冒一直不好怎么办,怀孕期间感冒一直不好该咋办,1
感冒,怀孕期间感冒一直不好怎么办,怀孕期间感冒一直不好有什么办法吗,1
感冒,怀孕期间感冒一直不好怎么办,怀孕期间感冒一直不好可以打点滴吗,0
感冒,怀孕期间感冒一直不好怎么办,怀孕期间感冒一直不好会不会引起发烧,0
感冒,怀孕期间感冒一直不好怎么办,怀孕期间感冒一直不好对宝宝有影响吗,0
感冒,孕妇感冒了，该怎么办啊？,孕妇感冒了怎么处理？,1
感冒,孕妇感冒了，该怎么办啊？,孕妇感冒了该怎么治疗？,1
感冒,孕妇感冒了，该怎么办啊？,孕妇感冒了有什么药注意的？,0
感冒,孕妇感冒了，该怎么办啊？,孕妇感冒了能吃什么感冒药吗？,0
感冒,孕妇感冒了，该怎么办啊？,孕妇感冒了能喝盐水么？,0
感冒,孕妇感冒了，该怎么办啊？,孕妇感冒了，怎么办才好啊,1
感冒,孕妇感冒了，该怎么办啊？,孕妇感冒了，有什么办法吗,1
感冒,孕妇感冒了，该怎么办啊？,孕妇感冒了流清鼻涕能吃药吗,0
感冒,孕妇感冒了，该怎么办啊？,孕妇感冒了鼻塞有什么小妙招吗,0
感冒,孕妇感冒了，该怎么办啊？,孕妇感冒了推拿效果好吗,0
感冒,一直流鼻涕打喷嚏怎么办,老是流鼻涕打喷嚏怎么办？,1
感冒,一直流鼻涕打喷嚏怎么办,总是有流鼻涕打喷嚏如何处理？,1
感冒,一直流鼻涕打喷嚏怎么办,流鼻涕打喷嚏，如何食疗？,0
感冒,一直流鼻涕打喷嚏怎么办,经常一冷就流鼻涕，打喷嚏，怎么回事？,0
感冒,一直流鼻涕打喷嚏怎么办,流鼻涕打喷嚏，可以吃点什么呢？,0
感冒,一直流鼻涕打喷嚏怎么办,一直流鼻涕打喷嚏该咋办,1
感冒,一直流鼻涕打喷嚏怎么办,一直流鼻涕打喷嚏有什么办法吗,1
感冒,一直流鼻涕打喷嚏怎么办,一直流鼻涕打喷嚏是感冒了吗,0
感冒,一直流鼻涕打喷嚏怎么办,一直流鼻涕打喷嚏用吃药吗,0
感冒,一直流鼻涕打喷嚏怎么办,一直流鼻涕打喷嚏洗澡有什么影响吗,0
感冒,心脏偶尔快速跳动是怎么回事？,心脏偶尔快速跳动是什么情况？,1
感冒,心脏偶尔快速跳动是怎么回事？,心脏偶尔快速跳动是怎么了？,1
感冒,心脏偶尔快速跳动是怎么回事？,心脏有时候会不规律的跳动是心脏病吗？,0
感冒,心脏偶尔快速跳动是怎么回事？,心脏偶尔跳的快是什么原因造成的？,0
感冒,心脏偶尔快速跳动是怎么回事？,心脏偶尔跳的快该怎么缓解？,0
感冒,孕妇感冒可以喝香菇炖鸡汤吗？,孕妇感冒能喝香菇炖鸡汤吗？,1
感冒,孕妇感冒可以喝香菇炖鸡汤吗？,孕妇感冒喝香菇炖鸡汤行吗？,1
感冒,孕妇感冒可以喝香菇炖鸡汤吗？,孕妇感冒可以喝牛奶吗？,0
感冒,孕妇感冒可以喝香菇炖鸡汤吗？,孕妇感冒了可以喝姜水吗？,0
感冒,孕妇感冒可以喝香菇炖鸡汤吗？,孕妇感冒要吃什么？,0
感冒,怀孕感冒吃了感冒清怎么办,怀孕感冒了吃了感冒清胶囊有影响吗？,1
感冒,怀孕感冒吃了感冒清怎么办,怀孕感冒吃了感冒清会怎么样？,1
感冒,怀孕感冒吃了感冒清怎么办,感冒吃了炎可宁怀孕能要吗？,0
感冒,怀孕感冒吃了感冒清怎么办,怀孕6个月了感冒了，可以吃生姜感冒片吗？,0
感冒,怀孕感冒吃了感冒清怎么办,怀孕感冒慢严舒柠可以吃吗？,0
感冒,怀孕感冒吃了感冒清怎么办,怀孕感冒吃了感冒清该怎么办才好,1
感冒,怀孕感冒吃了感冒清怎么办,怀孕感冒吃了感冒清有什么影响吗,1
感冒,怀孕感冒吃了感冒清怎么办,怀孕感冒吃了感冒清能好吗,0
感冒,怀孕感冒吃了感冒清怎么办,怀孕感冒吃了感冒清对宝宝没有影响吧,0
感冒,怀孕感冒吃了感冒清怎么办,怀孕感冒是不是抵抗力变差了,0
感冒,哺乳期感冒流鼻涕打喷嚏怎么办,哺乳期打喷嚏，流鼻涕感冒症状怎么办？,1
感冒,哺乳期感冒流鼻涕打喷嚏怎么办,感冒打喷嚏流鼻涕，还在哺乳期，怎么办？,1
感冒,哺乳期感冒流鼻涕打喷嚏怎么办,哺乳期，感冒流鼻涕打喷嚏能吃什么药？,0
感冒,哺乳期感冒流鼻涕打喷嚏怎么办,哺乳期感冒有点鼻塞和咳嗽，有什么药是可以安全服用？,0
感冒,哺乳期感冒流鼻涕打喷嚏怎么办,感冒流鼻涕，可以吃什么？,0
感冒,哺乳期感冒流鼻涕打喷嚏怎么办,哺乳期感冒流鼻涕打喷嚏如何是好,1
感冒,哺乳期感冒流鼻涕打喷嚏怎么办,哺乳期感冒流鼻涕打喷嚏有什么办法,1
感冒,哺乳期感冒流鼻涕打喷嚏怎么办,哺乳期感冒流鼻涕打喷嚏能吃什么药,0
感冒,哺乳期感冒流鼻涕打喷嚏怎么办,哺乳期感冒流鼻涕可以喂奶吗,0
感冒,哺乳期感冒流鼻涕打喷嚏怎么办,哺乳期感冒流鼻涕是抵抗力差吗,0
感冒,鼻痛鼻涕有血丝是鼻癌吗,鼻子有血丝出来是鼻咽癌吗？,1
感冒,鼻痛鼻涕有血丝是鼻癌吗,"回吸鼻涕有血丝,是鼻咽癌吗？",1
感冒,鼻痛鼻涕有血丝是鼻癌吗,鼻咽癌早期鼻涕带血丝还会有其他症状配合吗？,0
感冒,鼻痛鼻涕有血丝是鼻癌吗,有鼻炎鼻涕有血丝怎么办？,0
感冒,鼻痛鼻涕有血丝是鼻癌吗,鼻咽癌的早期症状有哪些？,0
感冒,鼻痛鼻涕有血丝是鼻癌吗,鼻痛鼻涕有血丝是不是鼻癌,1
感冒,鼻痛鼻涕有血丝是鼻癌吗,鼻痛鼻涕有血丝跟鼻癌有什么关系吗,1
感冒,鼻痛鼻涕有血丝是鼻癌吗,鼻痛鼻涕有血丝是不是上火引起的,0
感冒,鼻痛鼻涕有血丝是鼻癌吗,鼻痛鼻涕有血丝用吃药吗,0
感冒,鼻痛鼻涕有血丝是鼻癌吗,鼻痛鼻涕有血丝用去耳鼻喉检查吗,0
感冒,孕妇感冒了，对胎儿有影响吗？,孕妇感冒会对胎儿产生影响吗？,1
感冒,孕妇感冒了，对胎儿有影响吗？,孕妇感冒胎儿会有所影响吗？,1
感冒,孕妇感冒了，对胎儿有影响吗？,孕妇感冒了可以吃什么药呢？,0
感冒,孕妇感冒了，对胎儿有影响吗？,怀孕前一个月能喝板蓝根治感冒吗?,0
感冒,孕妇感冒了，对胎儿有影响吗？,怀孕前吃的感冒药对胎儿有什么影响？,0
感冒,孕妇感冒了，对胎儿有影响吗？,孕妇感冒了，对胎儿有什么影响吗,1
感冒,孕妇感冒了，对胎儿有影响吗？,孕妇感冒了，能影响胎儿吗,1
感冒,孕妇感冒了，对胎儿有影响吗？,孕妇感冒了不需要吃药对吗,0
感冒,孕妇感冒了，对胎儿有影响吗？,孕妇感冒了能喝板蓝根吗,0
感冒,孕妇感冒了，对胎儿有影响吗？,孕妇感冒了不吃药多喝水能好吗,0
感冒,感冒引起头痛是什么原因,感冒就头疼是什么原因引起？,1
感冒,感冒引起头痛是什么原因,为什么感冒会引起头痛？,1
感冒,感冒引起头痛是什么原因,感冒引起的头痛发热吃什么药？,0
感冒,感冒引起头痛是什么原因,老是偏头痛，是属于什么情况？,0
感冒,感冒引起头痛是什么原因,怎么定义偏头痛？,0
感冒,感冒引起头痛是什么原因,感冒引起头痛是怎么回事,1
感冒,感冒引起头痛是什么原因,感冒引起头痛是为什么,1
感冒,感冒引起头痛是什么原因,感冒引起头痛用不用吃药,0
感冒,感冒引起头痛是什么原因,感冒引起头痛会不会影响睡眠,0
感冒,感冒引起头痛是什么原因,感冒引起头痛怎么缓解,0
感冒,普通感冒跟病毒性感冒的区别,普通感冒和病毒性感冒有什么区别？,1
感冒,普通感冒跟病毒性感冒的区别,病毒性感冒和普通型感冒有什么不同？,1
感冒,普通感冒跟病毒性感冒的区别,普通感冒会转变成病毒性感冒吗？,0
感冒,普通感冒跟病毒性感冒的区别,病毒性感冒的标志是什么?,0
感冒,普通感冒跟病毒性感冒的区别,病毒性感冒一般多久好？,0
感冒,普通感冒跟病毒性感冒的区别,普通感冒跟病毒性感冒的区别有什么,1
感冒,普通感冒跟病毒性感冒的区别,普通感冒跟病毒性感冒的区别在哪,1
感冒,普通感冒跟病毒性感冒的区别,病毒性感冒有什么症状,0
感冒,普通感冒跟病毒性感冒的区别,普通感冒跟病毒性感冒都吃什么药,0
感冒,普通感冒跟病毒性感冒的区别,普通感冒需要吃药吗,0
感冒,全身无力酸痛没劲是怎么回事？感冒了吗？,为什么会全身无力酸痛没劲。是感冒的前兆吗？,1
感冒,全身无力酸痛没劲是怎么回事？感冒了吗？,请问全身无力酸痛没劲是不是感冒了？,1
感冒,全身无力酸痛没劲是怎么回事？感冒了吗？,感冒，全身无力酸痛要如何治疗？,0
感冒,全身无力酸痛没劲是怎么回事？感冒了吗？,感冒全身酸软无力怎么办？,0
感冒,全身无力酸痛没劲是怎么回事？感冒了吗？,感冒四肢无力全身酸痛吃什么药好？,0
感冒,全身无力酸痛没劲是怎么回事？感冒了吗？,全身无力酸痛没劲是怎么回事？是不是感冒了,1
感冒,全身无力酸痛没劲是怎么回事？感冒了吗？,感冒跟全身无力酸痛没劲有什么关系吗,1
感冒,全身无力酸痛没劲是怎么回事？感冒了吗？,全身无力酸痛没劲需要吃药吗,0
感冒,全身无力酸痛没劲是怎么回事？感冒了吗？,全身无力酸痛没劲是发烧了吗,0
感冒,全身无力酸痛没劲是怎么回事？感冒了吗？,感冒了全身无力酸痛没劲怎么缓解,0
感冒,怀孕四个月，感冒了，能喝红糖姜水吗？,怀孕四个多月感冒了，可不可以喝红糖姜茶？,1
感冒,怀孕四个月，感冒了，能喝红糖姜水吗？,怀孕期间感冒了能喝红糖姜水吗？,1
感冒,怀孕四个月，感冒了，能喝红糖姜水吗？,怀孕四个月感冒鼻塞喝红糖姜汤水管用吗？,0
感冒,怀孕四个月，感冒了，能喝红糖姜水吗？,怀孕感冒吃了感冒清会怎么样？,0
感冒,怀孕四个月，感冒了，能喝红糖姜水吗？,怀孕期间感冒可以吃什么药？,0
感冒,怀孕四个月，感冒了，能喝红糖姜水吗？,孕妇感冒了能喝红糖姜水吗,1
感冒,怀孕四个月，感冒了，能喝红糖姜水吗？,孕妇感冒了喝红糖姜水可以吗,1
感冒,怀孕四个月，感冒了，能喝红糖姜水吗？,孕妇感冒了对胎儿有影响吗,0
感冒,怀孕四个月，感冒了，能喝红糖姜水吗？,孕妇感冒了怎么办,0
感冒,怀孕四个月，感冒了，能喝红糖姜水吗？,孕妇感冒了能喝姜汤吗,0
感冒,感冒打防疫针会怎么样？,小孩感冒打预防针会怎么样？,1
感冒,感冒打防疫针会怎么样？,感冒期间打疫苗会怎样?,1
感冒,感冒打防疫针会怎么样？,感冒了为什么不能打疫苗?,0
感冒,感冒打防疫针会怎么样？,感冒打疫苗还有效果吗?,0
感冒,感冒打防疫针会怎么样？,感冒好几天可以打疫苗?,0
感冒,感冒打防疫针会怎么样？,感冒打防疫针有什么危害吗,1
感冒,感冒打防疫针会怎么样？,感冒打防疫针会有什么妨碍,1
感冒,感冒打防疫针会怎么样？,感冒打防疫针会出现皮肤过敏吗,0
感冒,感冒打防疫针会怎么样？,感冒打防疫针会不会发热,0
感冒,感冒打防疫针会怎么样？,感冒打防疫针会不会影响身体发育,0
感冒,怀孕期间感冒对胎儿有哪些影响,怀孕期间感冒对胎儿有何影响？,1
感冒,怀孕期间感冒对胎儿有哪些影响,怀孕感冒对胎儿有什么影响？,1
感冒,怀孕期间感冒对胎儿有哪些影响,怀孕期间感冒能吃感冒药吗？,0
感冒,怀孕期间感冒对胎儿有哪些影响,怀孕后感冒能喝姜汤水吗？,0
感冒,怀孕期间感冒对胎儿有哪些影响,怀孕感冒了怎么办？,0
感冒,怀孕期间感冒对胎儿有哪些影响,怀孕期间感冒对胎儿影响都有什么,1
感冒,怀孕期间感冒对胎儿有哪些影响,怀孕期间感冒了，对胎儿都有什么影响,1
感冒,怀孕期间感冒对胎儿有哪些影响,怀孕期间感冒可以喝姜汤吗,0
感冒,怀孕期间感冒对胎儿有哪些影响,怀孕期间感冒能吃感冒药吗,0
感冒,怀孕期间感冒对胎儿有哪些影响,怀孕期间感冒是抵抗力差引起的吗,0
感冒,宝宝打喷嚏流鼻涕怎么办,宝宝感冒流鼻涕打喷嚏怎么办好？,1
感冒,宝宝打喷嚏流鼻涕怎么办,宝宝打喷嚏流鼻涕该做什么？,1
感冒,宝宝打喷嚏流鼻涕怎么办,宝宝打喷嚏流清鼻涕，哭闹怎么办，吃什么药？,0
感冒,宝宝打喷嚏流鼻涕怎么办,宝宝打喷嚏流鼻涕给他喝了点蒲地蓝可以吗？,0
感冒,宝宝打喷嚏流鼻涕怎么办,请问感冒吃啥药比较好？,0
感冒,宝宝打喷嚏流鼻涕怎么办,宝宝打喷嚏流鼻涕如何是好,1
感冒,宝宝打喷嚏流鼻涕怎么办,打喷嚏流鼻涕的宝宝应该怎么办,1
感冒,宝宝打喷嚏流鼻涕怎么办,宝宝打喷嚏流鼻涕吃什么药好得快,0
感冒,宝宝打喷嚏流鼻涕怎么办,宝宝打喷嚏流鼻涕用看医生吗,0
感冒,宝宝打喷嚏流鼻涕怎么办,宝宝打喷嚏流鼻涕会不会发烧,0
感冒,宝宝打喷嚏流鼻涕吃什么药好得快,宝宝打喷嚏流鼻涕吃什么药见效快？,1
感冒,宝宝打喷嚏流鼻涕吃什么药好得快,宝宝打喷嚏流鼻涕最适合吃什么药？,1
感冒,宝宝打喷嚏流鼻涕吃什么药好得快,宝宝打喷嚏流鼻涕不吃药有好办法吗？,0
感冒,宝宝打喷嚏流鼻涕吃什么药好得快,打喷嚏喷出来的也是透明的，是怎么回事啊？,0
感冒,宝宝打喷嚏流鼻涕吃什么药好得快,宝宝感冒了，打喷嚏流鼻涕需要吃利巴韦林吗？,0
感冒,宝宝打喷嚏流鼻涕吃什么药好得快,宝宝打喷嚏流鼻涕吃什么药效果好,1
感冒,宝宝打喷嚏流鼻涕吃什么药好得快,吃什么药能让宝宝打喷嚏流鼻涕快点好,1
感冒,宝宝打喷嚏流鼻涕吃什么药好得快,宝宝打喷嚏流鼻涕该怎么办,0
感冒,宝宝打喷嚏流鼻涕吃什么药好得快,宝宝总流鼻涕会引起鼻炎吗,0
感冒,宝宝打喷嚏流鼻涕吃什么药好得快,宝宝打喷嚏流鼻涕是不是受凉,0
感冒,感冒了怎么办才能好的快一些呢？,感冒怎么办？吃什么药会好的快一点？,1
感冒,感冒了怎么办才能好的快一些呢？,感冒用什么方法能好得快？,1
感冒,感冒了怎么办才能好的快一些呢？,感冒的传染期是什么时候？,0
感冒,感冒了怎么办才能好的快一些呢？,感冒打疫苗还有效果吗?,0
感冒,感冒了怎么办才能好的快一些呢？,感冒的症状有哪些？,0
感冒,感冒了怎么办才能好的快一些呢？,感冒了有什么办法能好的快一些呢,1
感冒,感冒了怎么办才能好的快一些呢？,有什么方法能让感冒好的快一些呢,1
感冒,感冒了怎么办才能好的快一些呢？,感冒了吃什么药效果好,0
感冒,感冒了怎么办才能好的快一些呢？,感冒了流鼻涕怎么缓解,0
感冒,感冒了怎么办才能好的快一些呢？,感冒了能洗澡吗,0
感冒,感冒会造成心跳加速吗?,感冒导致心跳加速吗?,1
感冒,感冒会造成心跳加速吗?,感冒引起心跳加速吗?,1
感冒,感冒会造成心跳加速吗?,感冒心跳加速正常吗？,0
感冒,感冒会造成心跳加速吗?,感冒了心跳加速有事吗？,0
感冒,感冒会造成心跳加速吗?,感冒心跳加快为什么？,0
感冒,小孩子一直打喷嚏是不是感冒了？,小孩子一直打喷嚏是感冒了吗？,1
感冒,小孩子一直打喷嚏是不是感冒了？,小孩子一直打喷嚏是感冒的前兆吗？,1
感冒,小孩子一直打喷嚏是不是感冒了？,小孩感冒打预防针会怎么样？,0
感冒,小孩子一直打喷嚏是不是感冒了？,小孩打喷嚏吃什么药？,0
感冒,小孩子一直打喷嚏是不是感冒了？,小孩一直打喷嚏该怎么办？,0
感冒,小孩子一直打喷嚏是不是感冒了？,小孩子一直打喷嚏会不会感冒了,1
感冒,小孩子一直打喷嚏是不是感冒了？,小孩子一直打喷嚏是感冒了吗,1
感冒,小孩子一直打喷嚏是不是感冒了？,小孩子一直打喷嚏用不用吃药,0
感冒,小孩子一直打喷嚏是不是感冒了？,小孩子一直打喷嚏鼻塞怎么办,0
感冒,小孩子一直打喷嚏是不是感冒了？,小孩子一直打喷嚏能打预防针吗,0
感冒,孕妇可以吃的感冒药有哪些牌子,有孕妇能吃的感冒药？,1
感冒,孕妇可以吃的感冒药有哪些牌子,什么样的感冒药孕妇可以吃？,1
感冒,孕妇可以吃的感冒药有哪些牌子,孕妇用药有什么需要注意的啊？,0
感冒,孕妇可以吃的感冒药有哪些牌子,男人可以吃孕妇的感冒药吗？,0
感冒,孕妇可以吃的感冒药有哪些牌子,孕妇能不能吃感冒药？,0
感冒,孕妇可以吃的感冒药有哪些牌子,什么牌子的感冒药是孕妇可以吃的,1
感冒,孕妇可以吃的感冒药有哪些牌子,孕妇可以吃什么牌子的感冒药,1
感冒,孕妇可以吃的感冒药有哪些牌子,孕妇吃感冒药对胎儿有影响吗,0
感冒,孕妇可以吃的感冒药有哪些牌子,孕妇吃的食物用特别清洗吗,0
感冒,孕妇可以吃的感冒药有哪些牌子,孕妇可以吃的水果有什么,0
感冒,感冒了脸浮肿是怎么回事,感冒了脸浮肿是什么情况？,1
感冒,感冒了脸浮肿是怎么回事,感冒了脸浮肿这是怎么了？,1
感冒,感冒了脸浮肿是怎么回事,感冒会引起脸浮肿吗?,0
感冒,感冒了脸浮肿是怎么回事,感冒了脸眼浮肿怎么办？,0
感冒,感冒了脸浮肿是怎么回事,感冒后脸浮肿几天能好？,0
感冒,感冒了脸浮肿是怎么回事,感冒了脸浮肿是什么原因,1
感冒,感冒了脸浮肿是怎么回事,感冒了脸浮肿是为什么,1
感冒,感冒了脸浮肿是怎么回事,感冒了脸浮肿会是过敏吗,0
感冒,感冒了脸浮肿是怎么回事,感冒了脸浮肿需要做检查吗,0
感冒,感冒了脸浮肿是怎么回事,感冒了脸浮肿吃东西需要忌口吗,0
感冒,请问怀孕早期感冒对胎儿有影响吗？,请问刚怀孕时就感冒对胎儿有无影响？,1
感冒,请问怀孕早期感冒对胎儿有影响吗？,刚怀孕感冒对胎儿有什么伤害？,1
感冒,请问怀孕早期感冒对胎儿有影响吗？,怀孕感冒慢严舒柠可以吃吗？,0
感冒,请问怀孕早期感冒对胎儿有影响吗？,怀孕初期吃感冒药或其他多药会怎么样呢？,0
感冒,请问怀孕早期感冒对胎儿有影响吗？,怀孕感冒了吃了感冒清胶囊有影响吗？,0
感冒,请问怀孕早期感冒对胎儿有影响吗？,怀孕初期感冒了对胎儿有影响吗,1
感冒,请问怀孕早期感冒对胎儿有影响吗？,刚怀孕感冒对胎儿有没有什么影响,1
感冒,请问怀孕早期感冒对胎儿有影响吗？,怀孕早期感冒应该注意什么,0
感冒,请问怀孕早期感冒对胎儿有影响吗？,怀孕早期感冒可以喝姜汤水吗,0
感冒,请问怀孕早期感冒对胎儿有影响吗？,怀孕早期需要补充叶酸吗,0
感冒,因为感冒声音沙哑怎么办,因感冒导致声音沙哑怎么办好？,1
感冒,因为感冒声音沙哑怎么办,感冒引起声音沙哑该怎么治疗？,1
感冒,因为感冒声音沙哑怎么办,感冒声音沙哑该吃点什么食物缓解症状？,0
感冒,因为感冒声音沙哑怎么办,感冒为什么会声音沙哑？,0
感冒,因为感冒声音沙哑怎么办,感冒声音沙哑需要去医院吗？,0
感冒,因为感冒声音沙哑怎么办,因为感冒声音沙哑如何是好,1
感冒,因为感冒声音沙哑怎么办,感冒之后嗓子沙哑怎么治疗,1
感冒,因为感冒声音沙哑怎么办,因为感冒声音沙哑大量饮水能恢复吗,0
感冒,因为感冒声音沙哑怎么办,因为感冒声音沙哑是喉咙炎症吗,0
感冒,因为感冒声音沙哑怎么办,因为感冒声音沙哑需要及时治疗吗,0
感冒,肺力咳合剂（健兴）适合什么样的人群服用,肺力咳合剂主要适用于什么人群?,1
感冒,肺力咳合剂（健兴）适合什么样的人群服用,什么样的人可以喝肺力咳合剂？,1
感冒,肺力咳合剂（健兴）适合什么样的人群服用,肺力咳合剂有什么样的作用啊？,0
感冒,肺力咳合剂（健兴）适合什么样的人群服用,肺力咳合剂有什么副作用？,0
感冒,肺力咳合剂（健兴）适合什么样的人群服用,咳嗽一直不好该吃什么药？,0
感冒,肺力咳合剂（健兴）适合什么样的人群服用,肺力咳合剂（健兴）什么样的人群可以服用,1
感冒,肺力咳合剂（健兴）适合什么样的人群服用,什么样的人群可以服用肺力咳合剂（健兴）,1
感冒,肺力咳合剂（健兴）适合什么样的人群服用,肺力咳合剂（健兴）治什么病,0
感冒,肺力咳合剂（健兴）适合什么样的人群服用,肺力咳合剂（健兴）有什么功效,0
感冒,肺力咳合剂（健兴）适合什么样的人群服用,肺力咳合剂（健兴）效果怎么样,0
感冒,一直流清水鼻涕打喷嚏吃什么药,一直流清鼻涕打喷嚏吃什么药效果好？,1
感冒,一直流清水鼻涕打喷嚏吃什么药,"一直打喷嚏流清鼻涕,需要配点什么药吃？",1
感冒,一直流清水鼻涕打喷嚏吃什么药,打喷嚏，流鼻涕，不止是怎么回事？,0
感冒,一直流清水鼻涕打喷嚏吃什么药,儿子总打喷嚏流鼻涕是感冒了吧？,0
感冒,一直流清水鼻涕打喷嚏吃什么药,感冒除了流鼻涕还有别的其他状况没有？,0
感冒,一直流清水鼻涕打喷嚏吃什么药,一直流清水鼻涕打喷嚏吃什么药效果好,1
感冒,一直流清水鼻涕打喷嚏吃什么药,什么药治疗一直流清水鼻涕打喷嚏,1
感冒,一直流清水鼻涕打喷嚏吃什么药,一直流清水鼻涕打喷嚏要吃药吗,0
感冒,一直流清水鼻涕打喷嚏吃什么药,一直流清水鼻涕打喷嚏需要检查什么,0
感冒,一直流清水鼻涕打喷嚏吃什么药,一直流清水鼻涕打喷嚏能不能打预防针,0
感冒,擤鼻涕的时候感觉耳朵里面出气似的,擤鼻涕的时候感觉耳朵里面出气似的怎么了？,1
感冒,擤鼻涕的时候感觉耳朵里面出气似的,擤鼻涕的时候感觉耳朵里面出气似的是怎么回事？,1
感冒,擤鼻涕的时候感觉耳朵里面出气似的,擤鼻涕的时候感觉耳朵里面出气是什么病症？,0
感冒,擤鼻涕的时候感觉耳朵里面出气似的,耳朵里边出气是中耳炎吗？,0
感冒,擤鼻涕的时候感觉耳朵里面出气似的,擤鼻涕的时候感觉耳朵里面出气能吃什么缓解？,0
感冒,四岁小孩感冒头疼怎么办好？,四岁小孩感冒头疼感冒发烧怎么治疗？,1
感冒,四岁小孩感冒头疼怎么办好？,小孩感冒头疼感冒发烧如何处理？,1
感冒,四岁小孩感冒头疼怎么办好？,九岁小孩头疼感冒吃什么药？,0
感冒,四岁小孩感冒头疼怎么办好？,孩子偏头痛到底是什么原因？,0
感冒,四岁小孩感冒头疼怎么办好？,儿童偏头痛症状有哪些？,0
感冒,四岁小孩感冒头疼怎么办好？,四岁小孩感冒头疼应该怎么办,1
感冒,四岁小孩感冒头疼怎么办好？,四岁小孩感冒头疼如何是好,1
感冒,四岁小孩感冒头疼怎么办好？,四岁小孩感冒头疼四肢无力是不是发烧了,0
感冒,四岁小孩感冒头疼怎么办好？,四岁小孩感冒头疼需要做什么检查吗,0
感冒,四岁小孩感冒头疼怎么办好？,四岁小孩感冒头疼是什么引起的,0
感冒,之前感冒了几天一直没好,感冒一直没好怎么办啊？,1
感冒,之前感冒了几天一直没好,感冒一直不见好该咋处理？,1
感冒,之前感冒了几天一直没好,吃什么食物能治疗感冒？,0
感冒,之前感冒了几天一直没好,感冒带有轻微咳嗽是怎么回事？,0
感冒,之前感冒了几天一直没好,感冒有哪些症状？,0
感冒,我这几天感冒喉咙痛可以吃感冒胶囊吗,感冒喉咙痛吃感冒胶囊有效果吗？,1
感冒,我这几天感冒喉咙痛可以吃感冒胶囊吗,感冒喉咙痛是否能吃感冒胶囊？,1
感冒,我这几天感冒喉咙痛可以吃感冒胶囊吗,感冒喉咙痛有什么药可以服用？,0
感冒,我这几天感冒喉咙痛可以吃感冒胶囊吗,喉咙疼感冒了能输液吗？,0
感冒,我这几天感冒喉咙痛可以吃感冒胶囊吗,感冒喉咙疼会引发什么疾病？,0
感冒,我这几天感冒喉咙痛可以吃感冒胶囊吗,我这几天感冒喉咙痛吃感冒胶囊可以吗,1
感冒,我这几天感冒喉咙痛可以吃感冒胶囊吗,感冒喉咙痛吃感冒胶囊有用吗,1
感冒,我这几天感冒喉咙痛可以吃感冒胶囊吗,感冒喉咙痛吃999感冒灵颗粒管用吗,0
感冒,我这几天感冒喉咙痛可以吃感冒胶囊吗,感冒喉咙痛不吃药多喝水能好吗,0
感冒,我这几天感冒喉咙痛可以吃感冒胶囊吗,感冒喉咙痛吃感冒胶囊有没有副作用,0
感冒,喂奶能吃速效伤风感冒胶囊吗,哺乳期妈妈感冒了，可以吃速效伤风胶囊吗？,1
感冒,喂奶能吃速效伤风感冒胶囊吗,哺乳期妇女感冒能吃速效伤风胶囊吗？,1
感冒,喂奶能吃速效伤风感冒胶囊吗,哺乳期感冒了能吃哪些感冒药？,0
感冒,喂奶能吃速效伤风感冒胶囊吗,哺乳期感冒可以吃什么？,0
感冒,喂奶能吃速效伤风感冒胶囊吗,哺乳期，感冒能喝999吗？,0
感冒,孩子感冒了能不能打预防针,孩子感冒能否打疫苗？,1
感冒,孩子感冒了能不能打预防针,孩子感冒了可以打预防针吗？,1
感冒,孩子感冒了能不能打预防针,宝宝感冒好了多久才能打预防针?,0
感冒,孩子感冒了能不能打预防针,刚打过预防针可以吃感冒药吗？,0
感冒,孩子感冒了能不能打预防针,小孩子感冒了为什么不能打预防针？,0
感冒,孩子感冒了，一天要吃几次药？,孩子感冒了，一天要给药几次？,1
感冒,孩子感冒了，一天要吃几次药？,孩子感冒的话，一天需要吃几次药？,1
感冒,孩子感冒了，一天要吃几次药？,孩子们感冒了，该吃什么药？,0
感冒,孩子感冒了，一天要吃几次药？,宝宝感冒了能吃柚子吗？,0
感冒,孩子感冒了，一天要吃几次药？,宝宝感冒了，开的药喝不进去怎么办？,0
感冒,怀孕感冒可以喝板蓝根吗,怀孕期间感冒吃板蓝根是否可以？,1
感冒,怀孕感冒可以喝板蓝根吗,怀孕感冒能喝板蓝根板蓝根颗粒吗？,1
感冒,怀孕感冒可以喝板蓝根吗,怀孕了感冒吃什么药？,0
感冒,怀孕感冒可以喝板蓝根吗,用什么牌子的板蓝根较好？,0
感冒,怀孕感冒可以喝板蓝根吗,板蓝根适合什么人群服用？,0
感冒,布洛芬混悬液吃多了怎么办,布洛芬混悬液吃多了该怎么做？,1
感冒,布洛芬混悬液吃多了怎么办,布洛芬混悬液吃多了如何让处理？,1
感冒,布洛芬混悬液吃多了怎么办,小儿退烧药吃过量了有什么后果吗？,0
感冒,布洛芬混悬液吃多了怎么办,宝宝布洛芬颗粒吃多了会不会有危险？,0
感冒,布洛芬混悬液吃多了怎么办,布洛芬混悬液吃错了怎么办？,0
感冒,怀孕四个月感冒了能吃药吗？,怀孕四个月感冒了可以吃药吗？,1
感冒,怀孕四个月感冒了能吃药吗？,怀孕四个月感冒了能否吃药？,1
感冒,怀孕四个月感冒了能吃药吗？,怀孕六个月感冒怎么办？,0
感冒,怀孕四个月感冒了能吃药吗？,怀孕了怎么样治感冒？,0
感冒,怀孕四个月感冒了能吃药吗？,怀孕四个月感冒严重可以打针吗？,0
感冒,怀孕了感冒喉咙痛怎么办？,在怀孕期间感冒了，嗓子痛怎么办？,1
感冒,怀孕了感冒喉咙痛怎么办？,孕妇感冒咽喉肿痛怎么办？,1
感冒,怀孕了感冒喉咙痛怎么办？,孕妇咽喉肿痛吃些什么药？,0
感冒,怀孕了感冒喉咙痛怎么办？,孕妇感冒喉咙痛什么东西不能吃？,0
感冒,怀孕了感冒喉咙痛怎么办？,孕妇感冒会影响胎儿吗？,0
感冒,喝菊花枸杞茶引起感冒是怎么回事？,为什么喝菊花枸杞茶会引起感冒？,1
感冒,喝菊花枸杞茶引起感冒是怎么回事？,喝菊花枸杞茶引起感冒是什么情况？,1
感冒,喝菊花枸杞茶引起感冒是怎么回事？,菊花枸杞茶能治感冒吗？,0
感冒,喝菊花枸杞茶引起感冒是怎么回事？,感冒能喝菊花枸杞茶吗？,0
感冒,喝菊花枸杞茶引起感冒是怎么回事？,长期引用菊花枸杞茶有什么后果？,0
感冒,哺乳期感冒可以打点滴吗,哺乳期感冒能打点滴吗？,1
感冒,哺乳期感冒可以打点滴吗,哺乳期感冒可以去吊点滴吗？,1
感冒,哺乳期感冒可以打点滴吗,哺乳期感冒能否用药？,0
感冒,哺乳期感冒可以打点滴吗,哺乳期感冒能吃什么药？,0
感冒,哺乳期感冒可以打点滴吗,哺乳期感冒能吃板蓝根吗？,0
感冒,小孩肠胃感冒怎么办什么症状,儿童肠胃感冒该怎么办症状是什么？,1
感冒,小孩肠胃感冒怎么办什么症状,儿童肠胃感冒怎么做有什么症状？,1
感冒,小孩肠胃感冒怎么办什么症状,儿童胃肠感冒吃什么药好？,0
感冒,小孩肠胃感冒怎么办什么症状,孩子肠胃感冒吃什么食物好？,0
感冒,小孩肠胃感冒怎么办什么症状,小孩肠胃感冒严重吗？,0
感冒,孕妇感冒会不会影响胎儿。,孕妇感冒对胎儿有影响吗？,1
感冒,孕妇感冒会不会影响胎儿。,孕妇感冒会影响胎儿吗？,1
感冒,孕妇感冒会不会影响胎儿。,孕妇感冒对胎儿有什么影响？,0
感冒,孕妇感冒会不会影响胎儿。,孕妇感冒能吃什么药？,0
感冒,孕妇感冒会不会影响胎儿。,孕妇感冒该怎么办？,0
感冒,你好，请问月经期可以吃氨咖黄敏胶囊吗,月经期间可以服用氨咖黄敏胶囊吗？,1
感冒,你好，请问月经期可以吃氨咖黄敏胶囊吗,月经期间能否服用氨咖黄敏胶囊感冒药？,1
感冒,你好，请问月经期可以吃氨咖黄敏胶囊吗,服用感冒药期间不可吃什么食物？,0
感冒,你好，请问月经期可以吃氨咖黄敏胶囊吗,来姨妈期间感冒该怎么办？,0
感冒,你好，请问月经期可以吃氨咖黄敏胶囊吗,月经期间感冒有什么影响？,0
感冒,请问病毒性感冒症状有哪些,病毒性感冒症状有什么？,1
感冒,请问病毒性感冒症状有哪些,病毒性感冒有什么症状表现？,1
感冒,请问病毒性感冒症状有哪些,病毒性感冒传染吗？,0
感冒,请问病毒性感冒症状有哪些,病毒性感冒能吃什么药？,0
感冒,请问病毒性感冒症状有哪些,病毒性感冒需要上医院吗？,0
感冒,蒲地蓝消炎片孕妇可以吃吗?,孕妇能服用蒲地蓝消炎片吗？,1
感冒,蒲地蓝消炎片孕妇可以吃吗?,蒲地蓝消炎片可以给孕妇吃吗？,1
感冒,蒲地蓝消炎片孕妇可以吃吗?,蒲地蓝消炎片有副作用吗？,0
感冒,蒲地蓝消炎片孕妇可以吃吗?,服用蒲地蓝消炎片对胎儿有影响吗？,0
感冒,蒲地蓝消炎片孕妇可以吃吗?,蒲地蓝消炎片有什么功效？,0
感冒,请问肠胃感冒症状有哪些？,肠胃感冒有什么症状？,1
感冒,请问肠胃感冒症状有哪些？,肠胃感冒症状表现为什么？,1
感冒,请问肠胃感冒症状有哪些？,什么是肠胃感冒？,0
感冒,请问肠胃感冒症状有哪些？,小孩肠胃感冒严重吗？,0
感冒,请问肠胃感冒症状有哪些？,肠胃感冒能服用什么药,0
感冒,宝宝老是流鼻涕，咋办？,宝宝老是流鼻涕怎么办？,1
感冒,宝宝老是流鼻涕，咋办？,宝宝一直流鼻涕该怎么做？,1
感冒,宝宝老是流鼻涕，咋办？,流鼻涕有什么药管用？,0
感冒,宝宝老是流鼻涕，咋办？,一直流鼻涕是感冒了吗？,0
感冒,宝宝老是流鼻涕，咋办？,孩子老是流鼻涕能吃什么？,0
感冒,感冒咽喉肿痛吃什么药好得快,感冒咽喉肿痛吃什么药见效快？,1
感冒,感冒咽喉肿痛吃什么药好得快,感冒咽喉肿痛吃什么药管用？,1
感冒,感冒咽喉肿痛吃什么药好得快,感冒咽喉肿痛该怎么办？,0
感冒,感冒咽喉肿痛吃什么药好得快,感冒为什么咽喉肿痛？,0
感冒,感冒咽喉肿痛吃什么药好得快,咽喉肿痛多久能好？,0
感冒,什么药治感冒最好最快？,治感冒最有效的药是什么？,1
感冒,什么药治感冒最好最快？,哪种药治感冒最管用？,1
感冒,什么药治感冒最好最快？,感冒怎么治?,0
感冒,什么药治感冒最好最快？,感冒有什么症状？,0
感冒,什么药治感冒最好最快？,感冒发烧怎么办？,0
感冒,感冒肺部感染用打点滴吗,感冒肺部感染有必要打点滴吗？,1
感冒,感冒肺部感染用打点滴吗,感冒肺部感染可以打点滴吗？,1
感冒,感冒肺部感染用打点滴吗,感冒肺部感染严重吗？,0
感冒,感冒肺部感染用打点滴吗,感冒肺部感染服用什么药管用？,0
感冒,感冒肺部感染用打点滴吗,感冒肺部感染能治好吗？,0
感冒,宝宝有点打喷嚏流鼻涕能不能打预防针,宝宝有点打喷嚏流鼻涕还可以打疫苗吗？,1
感冒,宝宝有点打喷嚏流鼻涕能不能打预防针,宝宝有点打喷嚏流鼻涕能否打预防针？,1
感冒,宝宝有点打喷嚏流鼻涕能不能打预防针,宝宝有点打喷嚏流鼻涕吃什么药好？,0
感冒,宝宝有点打喷嚏流鼻涕能不能打预防针,吃了药打预防针有什么后果？,0
感冒,宝宝有点打喷嚏流鼻涕能不能打预防针,宝宝流鼻涕隔多久可以打预防针？,0
感冒,哺乳期感冒能吃阿莫西林吗,哺乳期感冒可以服用阿莫西林吗？,1
感冒,哺乳期感冒能吃阿莫西林吗,哺乳期感冒是否能吃阿莫西林？,1
感冒,哺乳期感冒能吃阿莫西林吗,哺乳期感冒怎么办？,0
感冒,哺乳期感冒能吃阿莫西林吗,哺乳期感冒会影响孩子吗？,0
感冒,哺乳期感冒能吃阿莫西林吗,哺乳期感冒还能喂奶吗？,0
感冒,感冒后流鼻涕嗓子痒咳嗽怎么办,感冒后流鼻涕嗓子痒咳嗽该怎么办？,1
感冒,感冒后流鼻涕嗓子痒咳嗽怎么办,感冒后流鼻涕嗓子痒咳嗽如何处理？,1
感冒,感冒后流鼻涕嗓子痒咳嗽怎么办,一直咳嗽和流鼻涕是怎么回事？,0
感冒,感冒后流鼻涕嗓子痒咳嗽怎么办,喉咙痒，流鼻涕，吃什么好？,0
感冒,感冒后流鼻涕嗓子痒咳嗽怎么办,嗓子痒，一直咳嗽，是什么原因？,0
感冒,四个月婴儿感冒流鼻涕怎么办,四个月婴儿感冒流鼻涕如何是好？,1
感冒,四个月婴儿感冒流鼻涕怎么办,四个月婴儿感冒流鼻涕该怎么做？,1
感冒,四个月婴儿感冒流鼻涕怎么办,四个月婴儿感冒流鼻涕能吃什么药？,0
感冒,四个月婴儿感冒流鼻涕怎么办,四个月婴儿感冒流鼻涕要去医院吗？,0
感冒,四个月婴儿感冒流鼻涕怎么办,婴儿感冒流鼻涕是怎么回事？,0
感冒,刚出生十多天的宝宝鼻塞流鼻涕该怎么办,刚出生十多天的宝宝鼻塞流鼻涕该怎么做？,1
感冒,刚出生十多天的宝宝鼻塞流鼻涕该怎么办,刚出生十多天的宝宝鼻塞流鼻涕如何处理？,1
感冒,刚出生十多天的宝宝鼻塞流鼻涕该怎么办,宝宝鼻塞流鼻涕能吃什么药管用？,0
感冒,刚出生十多天的宝宝鼻塞流鼻涕该怎么办,宝宝鼻塞流鼻涕是怎么回事？,0
感冒,刚出生十多天的宝宝鼻塞流鼻涕该怎么办,宝宝鼻塞流鼻涕多久能好？,0
感冒,天大托恩布洛芬混悬液用量,天大托恩布洛芬混悬液用量多少合适？,1
感冒,天大托恩布洛芬混悬液用量,天大托恩布洛芬混悬液标准用量是多少？,1
感冒,天大托恩布洛芬混悬液用量,布洛芬混悬液有什么危害？,0
感冒,天大托恩布洛芬混悬液用量,服用布洛芬混悬液过量怎么办？,0
感冒,天大托恩布洛芬混悬液用量,布洛芬混悬液有什么副作用？,0
感冒,感冒引起耳朵疼怎么办？,感冒造成耳朵疼该怎么办？,1
感冒,感冒引起耳朵疼怎么办？,感冒引发耳朵疼该怎么做？,1
感冒,感冒引起耳朵疼怎么办？,感冒为什么耳朵疼？,0
感冒,感冒引起耳朵疼怎么办？,感冒会发生病变吗？,0
感冒,感冒引起耳朵疼怎么办？,感冒耳朵疼会影响听力吗？,0
感冒,八个月的宝宝流鼻涕怎么办,请问八个月的宝宝老是流鼻涕怎么办？,1
感冒,八个月的宝宝流鼻涕怎么办,八个月宝宝老是流鼻涕该怎么处理？,1
感冒,八个月的宝宝流鼻涕怎么办,小儿氨酚黄那敏颗粒，这个药副作用是不是很大？,0
感冒,八个月的宝宝流鼻涕怎么办,宝宝老是流鼻涕是不是得了鼻炎？,0
感冒,八个月的宝宝流鼻涕怎么办,宝宝流鼻涕咳嗽打喷嚏是什么问题？,0
感冒,感冒后喉咙有痰怎么办？,感冒后喉咙有痰如何处理？,1
感冒,感冒后喉咙有痰怎么办？,感冒后喉咙有痰该做什么？,1
感冒,感冒后喉咙有痰怎么办？,感冒老是有痰能吃什么水果？,0
感冒,感冒后喉咙有痰怎么办？,感冒有痰严重吗？,0
感冒,感冒后喉咙有痰怎么办？,感冒后喉咙有痰吃什么药好得快？,0
感冒,感冒并发腰痛、全身刺痛怎么回事,感冒并发腰痛、全身刺痛这是怎么啦？,1
感冒,感冒并发腰痛、全身刺痛怎么回事,感冒并发腰痛、全身刺痛什么情况？,1
感冒,感冒并发腰痛、全身刺痛怎么回事,感冒全身痛腰也痛，要注意什么？,0
感冒,感冒并发腰痛、全身刺痛怎么回事,感冒，全身痛，该吃什么药？,0
感冒,感冒并发腰痛、全身刺痛怎么回事,感冒腰痛，全身痛需要去医院吗？,0
感冒,老是流黄鼻涕是怎么回事,总是流黄鼻涕怎么回事？,1
感冒,老是流黄鼻涕是怎么回事,流黄色鼻涕是什么问题？,1
感冒,老是流黄鼻涕是怎么回事,鼻涕由清变黄是好转吗？,0
感冒,老是流黄鼻涕是怎么回事,怎么治疗流黄鼻涕？,0
感冒,老是流黄鼻涕是怎么回事,老是流黄鼻涕吃点什么药好？,0
感冒,孕妇能喝复方甘草口服溶液吗？,孕妇能否服用复方甘草口服溶液吗？,1
感冒,孕妇能喝复方甘草口服溶液吗？,复方甘草口服溶液适宜孕妇喝吗？,1
感冒,孕妇能喝复方甘草口服溶液吗？,孕妇能闻复方甘草口服液的味道吗,0
感冒,孕妇能喝复方甘草口服溶液吗？,孩子能喝复方甘草口服溶液来进行治疗吗？,0
感冒,孕妇能喝复方甘草口服溶液吗？,孕妇吃什么钙片好？,0
感冒,感冒引起听力下降怎么办,感冒造成听力下降怎么办？,1
感冒,感冒引起听力下降怎么办,感冒引起耳朵听力下降，怎么处理？,1
感冒,感冒引起听力下降怎么办,感冒耳朵流血是怎么回事？,0
感冒,感冒引起听力下降怎么办,感冒引起耳朵堵塞去哪冶疗？,0
感冒,感冒引起听力下降怎么办,感冒引起的耳朵疼里面有水严重吗？,0
感冒,小孩感冒流鼻涕可以吃什么水果,小孩感冒流鼻涕适宜吃什么水果？,1
感冒,小孩感冒流鼻涕可以吃什么水果,小孩感冒流鼻涕能吃那些水果？,1
感冒,小孩感冒流鼻涕可以吃什么水果,小孩感冒流鼻涕是感冒了吗？,0
感冒,小孩感冒流鼻涕可以吃什么水果,小孩感冒流鼻涕吃什么见效快？,0
感冒,小孩感冒流鼻涕可以吃什么水果,小孩感冒流鼻涕能服用利巴韦林吗？,0
感冒,鼻子被鼻涕堵住了，怎么做啊,鼻子被鼻涕堵住了，怎么处理？,1
感冒,鼻子被鼻涕堵住了，怎么做啊,鼻涕堵住了鼻子，鼻子不通怎么办才好？,1
感冒,鼻子被鼻涕堵住了，怎么做啊,鼻子堵塞，吃点什么药呢？,0
感冒,鼻子被鼻涕堵住了，怎么做啊,鼻涕塞住了鼻子，会得鼻炎吗？,0
感冒,鼻子被鼻涕堵住了，怎么做啊,鼻子被堵住，会引发其他疾病吗？,0
感冒,怀孕八个月感冒了怎么办？,怀孕八个月感冒了应该咋办？,1
感冒,怀孕八个月感冒了怎么办？,怀孕感冒了如何处理呀？,1
感冒,怀孕八个月感冒了怎么办？,怀孕感冒要上医院吗？,0
感冒,怀孕八个月感冒了怎么办？,怀孕八个月感冒吃什么药？,0
感冒,怀孕八个月感冒了怎么办？,怀孕感冒影响胎儿吗？,0
感冒,感冒了流鼻涕和流眼泪怎么办,感冒了流鼻涕和流眼泪该怎么做才好？,1
感冒,感冒了流鼻涕和流眼泪怎么办,感冒又流鼻涕又流眼泪怎么办呀？,1
感冒,感冒了流鼻涕和流眼泪怎么办,感冒了流眼泪流鼻涕吃什么药好的快？,0
感冒,感冒了流鼻涕和流眼泪怎么办,流鼻涕流泪是感冒吗？,0
感冒,感冒了流鼻涕和流眼泪怎么办,感冒了鼻塞，流眼泪请问吃什么药？,0
感冒,感冒了怎样区分冷感还是热感啊,请问怎么区分热感冒和冷感冒呢？,1
感冒,感冒了怎样区分冷感还是热感啊,宝宝感冒了怎样分辨冷感还是热感？,1
感冒,感冒了怎样区分冷感还是热感啊,热感冒冷感冒有什么症状？,0
感冒,感冒了怎样区分冷感还是热感啊,风热感冒和风寒感冒的起因是什么？,0
感冒,感冒了怎样区分冷感还是热感啊,热感冒冷感冒怎么治疗？,0
感冒,早产儿感冒怎么办,早产儿感冒了要怎么治,1
感冒,早产儿感冒怎么办,早产儿感冒有什么办法,1
感冒,早产儿感冒怎么办,早产儿怎么护理,0
感冒,早产儿感冒怎么办,孕妇感冒怎样预防,0
感冒,早产儿感冒怎么办,早产儿感冒能输液吗,0
感冒,哺乳期感冒了能吃感冒药吗,哺乳期感冒了可以吃感冒药吗,1
感冒,哺乳期感冒了能吃感冒药吗,哺乳期感冒了有什么办法,1
感冒,哺乳期感冒了能吃感冒药吗,哺乳期感冒对孩子有影响吗,0
感冒,哺乳期感冒了能吃感冒药吗,哺乳期感冒了饮食吃什么,0
感冒,哺乳期感冒了能吃感冒药吗,感冒能喝清热解毒口服液吗？,0
感冒,哺乳期感冒了能吃感冒药吗,哺乳期感冒了可不可以吃感冒药？,1
感冒,哺乳期感冒了能吃感冒药吗,哺乳期感冒了吃感冒药合适吗？,1
感冒,哺乳期感冒了能吃感冒药吗,哺乳期吃感冒药多久能喂奶？,0
感冒,哺乳期感冒了能吃感冒药吗,哺乳期吃了感冒药对孩子具体有什么影响？,0
感冒,哺乳期感冒了能吃感冒药吗,哺乳期不吃了感冒药怎么办？,0
感冒,怀孕四个月孕妇可以闻风油精吗,怀孕四个月孕妇可不可以闻风油精,1
感冒,怀孕四个月孕妇可以闻风油精吗,怀孕四个月孕妇能闻风油精吗,1
感冒,怀孕四个月孕妇可以闻风油精吗,风油精有什么危害,0
感冒,怀孕四个月孕妇可以闻风油精吗,孕妇可以运动吗,0
感冒,怀孕四个月孕妇可以闻风油精吗,孕妇应该注意什么,0
感冒,怀孕四个月孕妇可以闻风油精吗,怀孕四个月孕妇可以闻风油精的味道吗？,1
感冒,怀孕四个月孕妇可以闻风油精吗,怀孕四个月孕妇能闻风油精吗？,1
感冒,怀孕四个月孕妇可以闻风油精吗,孕妇不小心闻了风油精有什么后果？,0
感冒,怀孕四个月孕妇可以闻风油精吗,孕妇闻风油精有什么影响？,0
感冒,怀孕四个月孕妇可以闻风油精吗,孕妇闻到风油精的危害有什么？,0
感冒,孩子经常流黄鼻涕吃什么药？,孩子经常流黄鼻涕能吃药吗？,1
感冒,孩子经常流黄鼻涕吃什么药？,孩子经常流黄鼻涕需要吃什么药？,1
感冒,孩子经常流黄鼻涕吃什么药？,流黄鼻涕会引起发热吗,0
感冒,孩子经常流黄鼻涕吃什么药？,流黄鼻涕应该注意什么,0
感冒,孩子经常流黄鼻涕吃什么药？,流黄鼻涕是有内火吗,0
感冒,孩子经常流黄鼻涕吃什么药？,孩子经常流黄鼻涕适宜吃什么药？,1
感冒,孩子经常流黄鼻涕吃什么药？,孩子经常流黄鼻涕可以服用哪些药？,1
感冒,孩子经常流黄鼻涕吃什么药？,孩子经常流黄鼻涕是怎么回事？,0
感冒,孩子经常流黄鼻涕吃什么药？,孩子经常流黄鼻涕怎么办？,0
感冒,孩子经常流黄鼻涕吃什么药？,孩子流黄鼻涕也是感冒吗？,0
感冒,有什么办法可以预防感冒？,最好的办法是什么可以预防感冒,1
感冒,有什么办法可以预防感冒？,预防感冒的办法是什么,1
感冒,有什么办法可以预防感冒？,预防感冒吃什么水果好,0
感冒,有什么办法可以预防感冒？,预防鼻炎有什么小妙招,0
感冒,有什么办法可以预防感冒？,预防感冒可以喝板蓝根吗,0
感冒,有什么办法可以预防感冒？,请问有什么好的办法可以预防感冒的发生？,1
感冒,有什么办法可以预防感冒？,怎么能有效预防感冒？,1
感冒,有什么办法可以预防感冒？,感冒期间会有什么症状发生?,0
感冒,有什么办法可以预防感冒？,出现感冒怎么办？,0
感冒,有什么办法可以预防感冒？,感冒是怎样发生的?,0
感冒,来月经时能不能吃感冒药,来月经是否可以吃感冒药,1
感冒,来月经时能不能吃感冒药,来例假时感冒药能吃吗,1
感冒,来月经时能不能吃感冒药,感冒药注意事项是什么,0
感冒,来月经时能不能吃感冒药,来月经吃退烧药有什么影响,0
感冒,来月经时能不能吃感冒药,感冒能吃阿莫西林吗,0
感冒,来月经时能不能吃感冒药,来月经时能否吃感冒药？,1
感冒,来月经时能不能吃感冒药,来例假时吃感冒药可行吗？,1
感冒,来月经时能不能吃感冒药,来月经时感冒该怎么办？,0
感冒,来月经时能不能吃感冒药,来月经不能吃什么感冒药？,0
感冒,来月经时能不能吃感冒药,吃了感冒药，月经会不会退后？,0
感冒,感冒不吃药能好吗？,不吃药多喝水感冒能好吗,1
感冒,感冒不吃药能好吗？,感冒不吃药多久能好,1
感冒,感冒不吃药能好吗？,感冒喉咙痛吃什么药能好,0
感冒,感冒不吃药能好吗？,感冒不吃药靠什么提高免疫力,0
感冒,感冒不吃药能好吗？,嗓子疼不吃药多喝水能好吗,0
感冒,刚刚满月的婴儿感冒怎么办？,一个月的宝宝感冒了怎么办呀,1
感冒,刚刚满月的婴儿感冒怎么办？,刚刚满月的婴儿感冒有什么好的办法,1
感冒,刚刚满月的婴儿感冒怎么办？,宝宝感冒能服抗生素吗,0
感冒,刚刚满月的婴儿感冒怎么办？,婴儿感冒没有别的症状不用药可以吗,0
感冒,刚刚满月的婴儿感冒怎么办？,刚刚满月的婴儿该怎么护理,0
感冒,刚刚满月的婴儿感冒怎么办？,刚满月婴儿感冒，怎么治疗？,1
感冒,刚刚满月的婴儿感冒怎么办？,刚刚满月的婴儿感冒该怎么处理？,1
感冒,刚刚满月的婴儿感冒怎么办？,刚满月的婴儿感冒有什么症状呢？,0
感冒,刚刚满月的婴儿感冒怎么办？,刚满月的宝宝感冒可以用哪些药？,0
感冒,刚刚满月的婴儿感冒怎么办？,刚满月婴儿，呼吸不畅，不睡觉，是不是感冒了？,0
感冒,怀孕快三个月了感冒了怎么办,怀孕快三个月了感冒了怎么办才好,1
感冒,怀孕快三个月了感冒了怎么办,怀孕快三个月了感冒了有什么办法,1
感冒,怀孕快三个月了感冒了怎么办,怀孕感冒了能吃退烧药吗,0
感冒,怀孕快三个月了感冒了怎么办,孕妇可以运动吗,0
感冒,怀孕快三个月了感冒了怎么办,孕妇需要注意饮食避免劳累,0
感冒,怀孕快三个月了感冒了怎么办,怀孕三个月了怎么样治感冒？,1
感冒,怀孕快三个月了感冒了怎么办,怀孕快三个月了感冒了如何是好？,1
感冒,怀孕快三个月了感冒了怎么办,怀孕快三个月了感冒了能喝药吗？,0
感冒,怀孕快三个月了感冒了怎么办,怀孕喝姜水对胎儿有影响吗？,0
感冒,怀孕快三个月了感冒了怎么办,怀孕前吃过感冒药有影响吗？,0
感冒,上月吃感冒药期间老婆怀孕了，有影响吗,孕妇吃感冒药期间怀孕了，有什么影响,1
感冒,上月吃感冒药期间老婆怀孕了，有影响吗,吃感冒药期间怀孕是不是有影响,1
感冒,上月吃感冒药期间老婆怀孕了，有影响吗,吃消炎药期间怀孕了，对胎儿好吗,0
感冒,上月吃感冒药期间老婆怀孕了，有影响吗,孕妇吃感冒药有什么危害,0
感冒,上月吃感冒药期间老婆怀孕了，有影响吗,怀孕了该注意些什么,0
感冒,上月吃感冒药期间老婆怀孕了，有影响吗,吃了感冒药怀孕了影响胎儿吗？,1
感冒,上月吃感冒药期间老婆怀孕了，有影响吗,怀孕吃感冒药有没有影响？,1
感冒,上月吃感冒药期间老婆怀孕了，有影响吗,备孕吃了些感冒药可以怀孕吗？,0
感冒,上月吃感冒药期间老婆怀孕了，有影响吗,怀孕初期吃感冒药或其他药会怎么样呢？,0
感冒,上月吃感冒药期间老婆怀孕了，有影响吗,怀孕了不能吃感冒药和消炎药？,0
感冒,打喷嚏流清涕是什么感冒,打喷嚏流清涕是那种类型的感冒,1
感冒,打喷嚏流清涕是什么感冒,打喷嚏流清涕是哪一种感冒,1
感冒,打喷嚏流清涕是什么感冒,打喷嚏流清涕吃什么药,0
感冒,打喷嚏流清涕是什么感冒,流清涕是风寒还是风热,0
感冒,打喷嚏流清涕是什么感冒,打喷嚏流清涕是病毒感染吗？,0
感冒,哺乳期感冒了宝宝还能喂奶吗,哺乳期感冒了宝宝还能不能吃奶,1
感冒,哺乳期感冒了宝宝还能喂奶吗,哺乳期感冒了喂奶对宝宝有影响吗,1
感冒,哺乳期感冒了宝宝还能喂奶吗,哺乳期感冒不吃药妙招是什么,0
感冒,哺乳期感冒了宝宝还能喂奶吗,哺乳期发烧了，还能给宝宝吃奶吗,0
感冒,哺乳期感冒了宝宝还能喂奶吗,怀孕期感冒能吃药吗,0
感冒,哺乳期吃了感冒药多久可以喂奶,哺乳期吃了感冒药要过多久才能喂奶,1
感冒,哺乳期吃了感冒药多久可以喂奶,哺乳期吃了感冒药什么时候可以喂奶,1
感冒,哺乳期吃了感冒药多久可以喂奶,哺乳期能吃感冒药吗,0
感冒,哺乳期吃了感冒药多久可以喂奶,感冒吃哪些药对宝宝影响小,0
感冒,哺乳期吃了感冒药多久可以喂奶,哺乳期发烧了，还能给宝宝吃奶吗,0
感冒,哺乳期吃了感冒药多久可以喂奶,哺乳期吃过感冒药多长时间可以喂奶？,1
感冒,哺乳期吃了感冒药多久可以喂奶,哺乳期吃感冒药多久能喂奶？,1
感冒,哺乳期吃了感冒药多久可以喂奶,哺乳期吃了感冒药怎么办？,0
感冒,哺乳期吃了感冒药多久可以喂奶,哺乳期可以吃感冒药吗？,0
感冒,哺乳期吃了感冒药多久可以喂奶,哺乳期吃了感冒药对孩子具体有什么影响？,0
感冒,感冒以后吃了几天药不见效怎么办,感冒以后吃了几天药没有效果怎么回事,1
感冒,感冒以后吃了几天药不见效怎么办,感冒以后吃了几天药没有效果该怎么办才好,1
感冒,感冒以后吃了几天药不见效怎么办,发烧吃了药不见效是不是抵抗力差了,0
感冒,感冒以后吃了几天药不见效怎么办,发烧以后吃了药不见效会不会加重,0
感冒,感冒以后吃了几天药不见效怎么办,感冒以后应该注意什么,0
感冒,九个月宝宝打喷嚏流鼻涕吃什么药,九个月宝宝感冒打喷嚏流鼻涕吃什药效果好,1
感冒,九个月宝宝打喷嚏流鼻涕吃什么药,九个月孩子打喷嚏流鼻涕推荐吃什么药,1
感冒,九个月宝宝打喷嚏流鼻涕吃什么药,宝宝打喷嚏有什么小妙招,0
感冒,九个月宝宝打喷嚏流鼻涕吃什么药,宝宝感冒流鼻涕会不会引起发烧,0
感冒,九个月宝宝打喷嚏流鼻涕吃什么药,宝宝打喷嚏流鼻涕注意多喝水,0
感冒,妈妈感冒了可以喂母乳吗,妈妈感冒了喂母乳有什么影响吗,1
感冒,妈妈感冒了可以喂母乳吗,妈妈感冒了可以继续喂母乳给宝宝吗,1
感冒,妈妈感冒了可以喂母乳吗,孕妇妈妈感冒了吃饭应该注意什么,0
感冒,妈妈感冒了可以喂母乳吗,孕妇妈妈感冒的症状有什么,0
感冒,妈妈感冒了可以喂母乳吗,妈妈应该怎么护理宝宝,0
感冒,每天早上打喷嚏流鼻涕是怎么回事,每天早上打喷嚏流鼻涕该怎么办,1
感冒,每天早上打喷嚏流鼻涕是怎么回事,为什么每天早上都打喷嚏流鼻涕,1
感冒,每天早上打喷嚏流鼻涕是怎么回事,每天早上打喷嚏流鼻涕是遗传吗,0
感冒,每天早上打喷嚏流鼻涕是怎么回事,每天早上打嗝是怎么回事,0
感冒,每天早上打喷嚏流鼻涕是怎么回事,每天早上打不起精神是什么原因,0
感冒,孕妇有轻微感冒该怎么办？,孕妇有轻微感冒症状怎么办才好,1
感冒,孕妇有轻微感冒该怎么办？,孕妇有轻微感冒有什么办法,1
感冒,孕妇有轻微感冒该怎么办？,孕妇着凉发烧了该怎么办,0
感冒,孕妇有轻微感冒该怎么办？,孕妇感冒期间能洗澡吗,0
感冒,孕妇有轻微感冒该怎么办？,孕妇轻微感冒应该在饮食上注意什么,0
感冒,宝宝一直流清鼻涕怎么办,宝宝老是流清鼻涕怎么回事,1
感冒,宝宝一直流清鼻涕怎么办,孩子总是流清鼻涕怎么才好,1
感冒,宝宝一直流清鼻涕怎么办,宝宝一直流清鼻涕是不是感冒了,0
感冒,宝宝一直流清鼻涕怎么办,宝宝一直打喷嚏是什么引起的,0
感冒,宝宝一直流清鼻涕怎么办,预防流感打喷嚏的小妙招是什么,0
感冒,怀孕2个月感冒了，怎么办啊？,怀孕2个月感冒了有什么办法,1
感冒,怀孕2个月感冒了，怎么办啊？,怀孕2个月感冒了该咋办,1
感冒,怀孕2个月感冒了，怎么办啊？,孕妇感冒了能吃什么药,0
感冒,怀孕2个月感冒了，怎么办啊？,孕妇能做无氧运动吗,0
感冒,怀孕2个月感冒了，怎么办啊？,怀孕感冒了可以吃抗生素吗,0
感冒,感冒了会影响血常规检查吗,感冒了检查血常规有什么影响吗,1
感冒,感冒了会影响血常规检查吗,感冒了检查血常规会不会有影响,1
感冒,感冒了会影响血常规检查吗,血常规在什么情况下建议检查,0
感冒,感冒了会影响血常规检查吗,感冒了会不会引起发烧,0
感冒,感冒了会影响血常规检查吗,发烧期间抽血，化验结果准确吗,0
感冒,小孩感冒好后吃什么补身体最好,小孩感冒好后吃什么增强免疫力,1
感冒,小孩感冒好后吃什么补身体最好,吃什么能让小孩感冒后补充营养,1
感冒,小孩感冒好后吃什么补身体最好,小孩感冒后可以多喝水吗,0
感冒,小孩感冒好后吃什么补身体最好,小孩感冒了吃什么药最好,0
感冒,小孩感冒好后吃什么补身体最好,小孩感冒好后能做无氧运动吗,0
感冒,七个月大的宝宝流鼻涕怎么办?,七个月大的宝宝流鼻涕怎么办才好,1
感冒,七个月大的宝宝流鼻涕怎么办?,七个月大的宝宝流鼻涕有什么办法,1
感冒,七个月大的宝宝流鼻涕怎么办?,宝宝流鼻涕是不是感冒了,0
感冒,七个月大的宝宝流鼻涕怎么办?,宝宝老是打喷嚏该怎么护理,0
感冒,七个月大的宝宝流鼻涕怎么办?,七个月大的宝宝流鼻涕能洗澡吗,0
感冒,七个月大的宝宝流鼻涕怎么办?,七个月大的宝宝流鼻涕该如何是好？,1
感冒,七个月大的宝宝流鼻涕怎么办?,七个月大的宝宝流鼻涕该怎么做？,1
感冒,七个月大的宝宝流鼻涕怎么办?,七个月的宝宝感冒流鼻涕吃啥药见效快？,0
感冒,七个月大的宝宝流鼻涕怎么办?,宝宝感冒流鼻涕能够吃头孢吗？,0
感冒,七个月大的宝宝流鼻涕怎么办?,3岁宝宝感冒流鼻涕怎么回事？,0
感冒,孕妇感冒吃什么药比较好,孕妇感冒能吃什么感冒药,1
感冒,孕妇感冒吃什么药比较好,孕妇感冒吃哪种感冒药效果好,1
感冒,孕妇感冒吃什么药比较好,孕妇感冒能不能喝姜汤,0
感冒,孕妇感冒吃什么药比较好,感冒可以适量喝红糖姜水吗,0
感冒,孕妇感冒吃什么药比较好,孕妇感冒了还能洗澡吗,0
感冒,一月龄婴儿打喷嚏流浓鼻涕怎么办,宝宝打喷嚏流脓鼻涕怎么治疗,1
感冒,一月龄婴儿打喷嚏流浓鼻涕怎么办,宝宝刚满月老是打喷嚏流脓鼻涕怎么办才好,1
感冒,一月龄婴儿打喷嚏流浓鼻涕怎么办,宝宝打喷嚏不流鼻涕是怎么回事,0
感冒,一月龄婴儿打喷嚏流浓鼻涕怎么办,小孩子打喷嚏是不是感冒了,0
感冒,一月龄婴儿打喷嚏流浓鼻涕怎么办,预防宝宝感冒有什么小妙招,0
感冒,一月龄婴儿打喷嚏流浓鼻涕怎么办,一月龄婴儿打喷嚏流浓鼻涕怎么治疗好？,1
感冒,一月龄婴儿打喷嚏流浓鼻涕怎么办,一月龄婴儿打喷嚏流浓鼻涕该如何是好？,1
感冒,一月龄婴儿打喷嚏流浓鼻涕怎么办,宝宝鼻塞流鼻涕，有没有不吃药的好方法？,0
感冒,一月龄婴儿打喷嚏流浓鼻涕怎么办,婴儿打喷嚏流浓鼻涕是怎么了？,0
感冒,一月龄婴儿打喷嚏流浓鼻涕怎么办,婴儿打喷嚏流浓鼻涕是感冒还是发炎了？,0
感冒,小孩感冒吃什么能好的快？,小孩感冒吃什么效果好,1
感冒,小孩感冒吃什么能好的快？,小孩感冒最快的办法吃什么好的快,1
感冒,小孩感冒吃什么能好的快？,小孩感冒严重会不会引发肺炎,0
感冒,小孩感冒吃什么能好的快？,小孩子感冒期间在饮食上不能吃什么,0
感冒,小孩感冒吃什么能好的快？,小孩发烧了怎么样才能退烧,0
感冒,感冒鼻塞流鼻涕打喷嚏怎么办,感冒鼻塞流鼻涕打喷嚏该怎么治疗,1
感冒,感冒鼻塞流鼻涕打喷嚏怎么办,感冒引起的鼻塞流鼻涕打喷嚏有什么办法,1
感冒,感冒鼻塞流鼻涕打喷嚏怎么办,发烧期间的饮食小妙招是什么,0
感冒,感冒鼻塞流鼻涕打喷嚏怎么办,感冒引起的鼻塞流鼻涕打喷嚏会不会恶化,0
感冒,感冒鼻塞流鼻涕打喷嚏怎么办,感冒是怎么引起的,0
感冒,婴儿流鼻涕变成鼻塞怎么办啊,宝宝流鼻涕变成鼻塞怎么治疗,1
感冒,婴儿流鼻涕变成鼻塞怎么办啊,宝宝流鼻涕变成鼻塞怎么办才好,1
感冒,婴儿流鼻涕变成鼻塞怎么办啊,宝宝流鼻涕是不是感冒了,0
感冒,婴儿流鼻涕变成鼻塞怎么办啊,宝宝流鼻涕变成鼻塞会不会发展成鼻炎,0
感冒,婴儿流鼻涕变成鼻塞怎么办啊,孕妇老是流鼻涕能吃什么药,0
感冒,我是孕妇感冒好长时间也不好，是咋回事？,孕妇感冒好长时间也没痊愈，怎么回事,1
感冒,我是孕妇感冒好长时间也不好，是咋回事？,我是孕妇，好长时间感冒也不好是什么原因,1
感冒,我是孕妇感冒好长时间也不好，是咋回事？,孕妇感冒可以多喝白开水,0
感冒,我是孕妇感冒好长时间也不好，是咋回事？,感冒一直不好会不会咳嗽,0
感冒,我是孕妇感冒好长时间也不好，是咋回事？,孕妇可以多吃什么水果,0
感冒,感冒药和退烧药能一起吃吗？,感冒药和退烧药一起吃可以吗,1
感冒,感冒药和退烧药能一起吃吗？,感冒药和退烧药一起服用行不行,1
感冒,感冒药和退烧药能一起吃吗？,发烧多少度才可以吃退烧药,0
感冒,感冒药和退烧药能一起吃吗？,感冒药里含有的退烧成分是什么,0
感冒,感冒药和退烧药能一起吃吗？,退烧药需要间隔4到6小时使用一次吗,0
感冒,一直流鼻涕是怎么回事啊,一直流鼻涕怎么做才好,1
感冒,一直流鼻涕是怎么回事啊,总是流鼻涕应该怎么办,1
感冒,一直流鼻涕是怎么回事啊,一直流鼻涕会导致鼻炎吗,0
感冒,一直流鼻涕是怎么回事啊,一直流鼻涕会不会恶化为鼻癌,0
感冒,一直流鼻涕是怎么回事啊,一直流鼻涕是什么引起的,0
感冒,5岁小孩感冒流鼻涕咳嗽吃什么药物,5岁小孩感冒流鼻涕咳嗽应该吃什么药才好,1
感冒,5岁小孩感冒流鼻涕咳嗽吃什么药物,有没有什么药能把5岁小孩流鼻涕咳嗽治好,1
感冒,5岁小孩感冒流鼻涕咳嗽吃什么药物,5岁小孩感冒会不会头痛,0
感冒,5岁小孩感冒流鼻涕咳嗽吃什么药物,5岁小孩流鼻涕咳嗽是不是肺炎,0
感冒,5岁小孩感冒流鼻涕咳嗽吃什么药物,5岁小孩咳嗽会不会引起肺炎,0
感冒,感冒流黄鼻涕是怎么回事？,感冒了为什么流黄鼻涕,1
感冒,感冒流黄鼻涕是怎么回事？,感冒流黄鼻涕是什么原因,1
感冒,感冒流黄鼻涕是怎么回事？,感冒流黄鼻涕可以喝板蓝根吗,0
感冒,感冒流黄鼻涕是怎么回事？,感冒流黄鼻涕是不是鼻炎,0
感冒,感冒流黄鼻涕是怎么回事？,感冒注意多喝水多休息不吃药可以吗,0
感冒,头痛流鼻涕轻微咳嗽痰是黄色的，怎么回事,感冒引起的头痛轻微咳嗽痰也是黄色的是什么原因,1
感冒,头痛流鼻涕轻微咳嗽痰是黄色的，怎么回事,为什么痰是黄的的，头也痛，流鼻涕还轻微咳嗽,1
感冒,头痛流鼻涕轻微咳嗽痰是黄色的，怎么回事,头痛流鼻涕是不是感冒了,0
感冒,头痛流鼻涕轻微咳嗽痰是黄色的，怎么回事,咳嗽痰是黄色的代表什么,0
感冒,头痛流鼻涕轻微咳嗽痰是黄色的，怎么回事,头痛流鼻涕咳嗽但没有发烧，是肺炎吗,0
感冒,"感冒后,鼻子上火,长疮而且很疼怎么办",感冒后鼻子上火长疮应该怎么做,1
感冒,"感冒后,鼻子上火,长疮而且很疼怎么办",感冒伴有鼻子上火生疮，要怎么治疗,1
感冒,"感冒后,鼻子上火,长疮而且很疼怎么办",感冒后鼻子上火是不是过敏,0
感冒,"感冒后,鼻子上火,长疮而且很疼怎么办",发烧伴有鼻子上火生疮该吃什么药,0
感冒,"感冒后,鼻子上火,长疮而且很疼怎么办",鼻子上火注意多喝水不吃药能恢复吗,0
感冒,感冒了吃中药还是西药好？,中西药治疗感冒哪个效果好,1
感冒,感冒了吃中药还是西药好？,感冒了吃中药和西药哪个效果好,1
感冒,感冒了吃中药还是西药好？,感冒了会不会引起发烧,0
感冒,感冒了吃中药还是西药好？,感冒吃了药不见效是不是抵抗力差了,0
感冒,感冒了吃中药还是西药好？,感冒了不吃药能康复吗,0
感冒,宝宝流鼻涕流眼泪，该怎么治疗,孩子流鼻涕流眼泪，怎么办才好,1
感冒,宝宝流鼻涕流眼泪，该怎么治疗,宝宝淌鼻涕还流眼泪，请问应该怎么办,1
感冒,宝宝流鼻涕流眼泪，该怎么治疗,宝宝流鼻涕流眼泪是不是感冒了,0
感冒,宝宝流鼻涕流眼泪，该怎么治疗,宝宝流鼻涕打喷嚏是不是受凉了,0
感冒,宝宝流鼻涕流眼泪，该怎么治疗,宝宝流鼻涕打喷嚏，请问是鼻炎吗,0
感冒,来月经感冒了可以打针吗,大姨妈期间感冒了能不能打针,1
感冒,来月经感冒了可以打针吗,来月经期间感冒打针有什么影响吗,1
感冒,来月经感冒了可以打针吗,来月经感冒了应该在饮食上注意什么,0
感冒,来月经感冒了可以打针吗,来月经感冒了不流鼻涕是鼻炎吗,0
感冒,来月经感冒了可以打针吗,来月经感冒了能吃中药吗,0
感冒,十一岁孩子感冒流鼻涕怎么办,儿童感冒流鼻涕该咋办呢,1
感冒,十一岁孩子感冒流鼻涕怎么办,十多岁的孩子感冒流鼻涕怎么治疗,1
感冒,十一岁孩子感冒流鼻涕怎么办,儿童感冒的症状是什么,0
感冒,十一岁孩子感冒流鼻涕怎么办,十一岁孩子感冒流鼻涕会不会是鼻炎,0
感冒,十一岁孩子感冒流鼻涕怎么办,十一岁孩子感冒发烧但是不流鼻涕，是什么情况,0
感冒,宝宝血常规怎么看出来感冒,宝宝感冒发烧的血常规怎么看,1
感冒,宝宝血常规怎么看出来感冒,宝宝感冒的血常规应该咋看,1
感冒,宝宝血常规怎么看出来感冒,发烧咳嗽需不需要做血常规,0
感冒,宝宝血常规怎么看出来感冒,宝宝感冒是不是抵抗力差引起的,0
感冒,宝宝血常规怎么看出来感冒,小儿肺炎血常规都查什么,0
感冒,请问孕妇感冒能喝姜汤吗？,孕妇感冒能不能喝姜汤,1
感冒,请问孕妇感冒能喝姜汤吗？,孕妇感冒了喝姜汤有用吗,1
感冒,请问孕妇感冒能喝姜汤吗？,孕妇感冒不能吃什么药,0
感冒,请问孕妇感冒能喝姜汤吗？,孕妇感冒了饮食上应注意什么,0
感冒,请问孕妇感冒能喝姜汤吗？,孕妇感冒了能不能输液,0
感冒,哺乳期感冒怎么治疗最好,哺乳期感冒有什么好的治疗办法,1
感冒,哺乳期感冒怎么治疗最好,哺乳期感冒该怎么办效果最好,1
感冒,哺乳期感冒怎么治疗最好,哺乳期感冒能吃感冒药吗,0
感冒,哺乳期感冒怎么治疗最好,哺乳期吃什么水果增强免疫力,0
感冒,哺乳期感冒怎么治疗最好,哺乳期感冒了宝宝还能不能吃奶,0
感冒,胃肠型感冒，吐过，就是感冒了吗,感冒了呕吐算肠胃性感冒吗,1
感冒,胃肠型感冒，吐过，就是感冒了吗,感冒期间呕吐难受是不是肠胃性感冒,1
感冒,胃肠型感冒，吐过，就是感冒了吗,感冒了呕吐是急性胃肠炎吗,0
感冒,胃肠型感冒，吐过，就是感冒了吗,胃肠型感冒能服用抗生素吗,0
感冒,胃肠型感冒，吐过，就是感冒了吗,胃肠型感冒能吃止泻药吗,0
感冒,如何确认自己是不是感冒了,如何确认自己是感冒不是,1
感冒,如何确认自己是不是感冒了,如何确认自己是感冒了,1
感冒,如何确认自己是不是感冒了,头疼发烧是感冒了吗,0
感冒,如何确认自己是不是感冒了,感冒的典型症状有哪些,0
感冒,如何确认自己是不是感冒了,感冒分风热感冒和风寒感冒两种吗,0
感冒,11个月的宝宝老是流鼻涕怎么办,11个月大孩子老是流鼻涕怎么治,1
感冒,11个月的宝宝老是流鼻涕怎么办,宝宝11个月了，老是流鼻涕有什么办法,1
感冒,11个月的宝宝老是流鼻涕怎么办,11个月的宝宝老是流鼻涕是鼻炎吗,0
感冒,11个月的宝宝老是流鼻涕怎么办,11个月的宝宝老是流鼻涕需要打针吗,0
感冒,11个月的宝宝老是流鼻涕怎么办,11个月的宝宝老是流鼻涕能喝姜糖水吗,0
感冒,婴儿感冒流鼻涕的治疗方法,婴儿感冒流鼻涕的有什么方法,1
感冒,婴儿感冒流鼻涕的治疗方法,婴儿感冒流鼻涕的怎么治,1
感冒,婴儿感冒流鼻涕的治疗方法,婴儿感冒流鼻涕能吃感冒灵吗,0
感冒,婴儿感冒流鼻涕的治疗方法,婴儿感冒流鼻涕多喝水可以吗,0
感冒,婴儿感冒流鼻涕的治疗方法,婴儿感冒流鼻涕是上呼吸道感染吗,0
感冒,"2周岁小孩不爱吃饭,经常感冒怎么办",2周岁小孩不爱吃饭，经常感冒有怎么办法,1
感冒,"2周岁小孩不爱吃饭,经常感冒怎么办",2周岁宝宝不喜欢吃饭，经常感冒需要怎么办,1
感冒,"2周岁小孩不爱吃饭,经常感冒怎么办",2周岁小孩经常感冒是免疫力差吗,0
感冒,"2周岁小孩不爱吃饭,经常感冒怎么办",2周岁小孩经常感冒能打流感疫苗吗,0
感冒,"2周岁小孩不爱吃饭,经常感冒怎么办",小孩经常感冒能吃抗病毒的药吗,0
感冒,孩子细菌性感冒该用些什么药,孩子细菌性感冒能吃什么药,1
感冒,孩子细菌性感冒该用些什么药,孩子细菌性感冒吃什么药,1
感冒,孩子细菌性感冒该用些什么药,孩子细菌性感冒可以喝抗病毒口服液吗,0
感冒,孩子细菌性感冒该用些什么药,孩子细菌性感冒可以吃中成药吗,0
感冒,孩子细菌性感冒该用些什么药,孩子细菌性感冒需要做血常规检查吗,0
感冒,心脑供血不足要怎么治疗,心脑供血不足要怎么办,1
感冒,心脑供血不足要怎么治疗,心脑供血不足要有什么方法,1
感冒,心脑供血不足要怎么治疗,心脑供血不足有什么症状,0
感冒,心脑供血不足要怎么治疗,心脑供血不足能引起中风吗,0
感冒,心脑供血不足要怎么治疗,心脑供血不足需要输液体吗,0
感冒,小孩胃肠型感冒给吃什么药,小孩胃肠型感冒需要吃什么药,1
感冒,小孩胃肠型感冒给吃什么药,小孩胃肠型感冒可以吃什么药,1
感冒,小孩胃肠型感冒给吃什么药,小孩胃肠型感冒是病毒型感冒吗,0
感冒,小孩胃肠型感冒给吃什么药,咽喉发炎是胃肠型感冒的症状吗,0
感冒,小孩胃肠型感冒给吃什么药,小孩胃肠型感冒是细菌感染吗,0
感冒,婴儿吃感冒药拉肚子怎么办？,婴儿吃感冒药拉肚子怎么治？,1
感冒,婴儿吃感冒药拉肚子怎么办？,婴儿吃感冒药拉肚子采取什么办法？,1
感冒,婴儿吃感冒药拉肚子怎么办？,婴儿吃感冒药拉肚子是上呼吸道感染吗,0
感冒,婴儿吃感冒药拉肚子怎么办？,婴儿吃感冒药拉肚子可以吃小儿复方胰酶散吗,0
感冒,婴儿吃感冒药拉肚子怎么办？,婴儿吃感冒药拉肚子需要化验大便吗,0
感冒,怀孕初期会有感冒症状吗,怀孕初期能有感冒症状吗,1
感冒,怀孕初期会有感冒症状吗,怀孕初期有感冒症状吗,1
感冒,怀孕初期会有感冒症状吗,怀孕初期有发烧症状怎么办,0
感冒,怀孕初期会有感冒症状吗,怀孕初期怎样预防发烧,0
感冒,怀孕初期会有感冒症状吗,怀孕初期感冒喝葱姜水可以吗,0
感冒,小孩经常感冒应该怎么办,小孩经常感冒应该怎么治,1
感冒,小孩经常感冒应该怎么办,小孩经常感冒有什么办法,1
感冒,小孩经常感冒应该怎么办,小孩经常感冒能打流感疫苗吗,0
感冒,小孩经常感冒应该怎么办,小孩感冒喝抗病毒口服液可以吗,0
感冒,小孩经常感冒应该怎么办,小孩感冒能吃消炎药吗,0
感冒,流鼻涕鼻塞怎么回事？是感冒吗？,流鼻涕鼻塞是感冒了吗？怎么办,1
感冒,流鼻涕鼻塞怎么回事？是感冒吗？,流鼻涕鼻塞有什么办法？是不是感冒了？,1
感冒,流鼻涕鼻塞怎么回事？是感冒吗？,流鼻涕鼻塞是鼻窦炎的症状吗,0
感冒,流鼻涕鼻塞怎么回事？是感冒吗？,孩子流鼻涕鼻塞是鼻炎吗,0
感冒,流鼻涕鼻塞怎么回事？是感冒吗？,流鼻涕鼻塞能吃阿莫西林吗,0
感冒,儿童感冒应该注意什么？,儿童感冒需要注意什么？,1
感冒,儿童感冒应该注意什么？,儿童感冒应该注意哪些方面？,1
感冒,儿童感冒应该注意什么？,儿童感冒能引起支气管炎吗,0
感冒,儿童感冒应该注意什么？,儿童感冒发烧能引起肺炎吗,0
感冒,儿童感冒应该注意什么？,儿童感冒了可以服用快克吗,0
感冒,"怀孕初期吃了感冒药,孩子能要吗","怀孕初期吃了感冒药,孩子能不能要吗",1
感冒,"怀孕初期吃了感冒药,孩子能要吗","怀孕初期吃了感冒药,孩子不能要吗",1
感冒,"怀孕初期吃了感冒药,孩子能要吗",怀孕初期感冒了可以用药吗,0
感冒,"怀孕初期吃了感冒药,孩子能要吗",怀孕初期感冒了是免疫力下降吗,0
感冒,"怀孕初期吃了感冒药,孩子能要吗",怀孕初期感冒了能吃头孢类要吗,0
感冒,小孩感冒流鼻涕咳嗽吃什么药,儿童感冒流鼻涕咳嗽可以吃什么药,1
感冒,小孩感冒流鼻涕咳嗽吃什么药,小孩感冒流鼻涕咳嗽需要吃什么药,1
感冒,小孩感冒流鼻涕咳嗽吃什么药,小孩感冒流鼻涕咳嗽吃感冒灵颗粒吗,0
感冒,小孩感冒流鼻涕咳嗽吃什么药,感冒流鼻涕咳嗽可以喝双黄连口服液吗,0
感冒,小孩感冒流鼻涕咳嗽吃什么药,小孩感冒流鼻涕咳嗽能引起鼻窦炎吗,0
感冒,排卵期感冒了吃药了能要孩子吗?,排卵期感冒了吃药了可以要孩子吗?,1
感冒,排卵期感冒了吃药了能要孩子吗?,排卵期感冒了吃药了不能要孩子吗?,1
感冒,排卵期感冒了吃药了能要孩子吗?,排卵期感冒了可以注射流感疫苗吗,0
感冒,排卵期感冒了吃药了能要孩子吗?,排卵期感冒了可以吃药吗,0
感冒,排卵期感冒了吃药了能要孩子吗?,排卵期感冒了怎么办,0
感冒,经期喝感冒药会影响下次月经来吗,经期喝感冒药会不会影响下次例假,1
感冒,经期喝感冒药会影响下次月经来吗,经期喝感冒药能影响下次大姨妈来吗,1
感冒,经期喝感冒药会影响下次月经来吗,吃感冒药会不会引起月经推迟,0
感冒,经期喝感冒药会影响下次月经来吗,月经推迟能吃益母草颗粒吗,0
感冒,经期喝感冒药会影响下次月经来吗,经期感冒了能吃抗菌药吗,0
感冒,感冒好了后鼻孔里都是黄浓鼻涕怎么办,感冒好了后鼻孔里都是黄浓鼻涕是咋回事,1
感冒,感冒好了后鼻孔里都是黄浓鼻涕怎么办,感冒好了后鼻孔里都是黄浓鼻涕是什么原因,1
感冒,感冒好了后鼻孔里都是黄浓鼻涕怎么办,感冒了流黄浓鼻涕是上火受凉了吗,0
感冒,感冒好了后鼻孔里都是黄浓鼻涕怎么办,感冒流黄浓鼻涕可以吃双黄连吗,0
感冒,感冒好了后鼻孔里都是黄浓鼻涕怎么办,感冒流黄浓鼻涕喝清热解毒口服液可以吗,0
感冒,今年冬天经常感冒怎么办呢,今年冬天经常感冒有什么办法呢,1
感冒,今年冬天经常感冒怎么办呢,今年冬天经常感冒咋回事呢,1
感冒,今年冬天经常感冒怎么办呢,冬天经常感冒可以打预防针吗,0
感冒,今年冬天经常感冒怎么办呢,冬天经常感冒可以吃维生素提高免疫力吗,0
感冒,今年冬天经常感冒怎么办呢,冬天经常感冒是不是细菌感染,0
感冒,鼻子不通，流鼻涕，不头痛怎么办,鼻子不透气流鼻涕，但头不疼该怎样治疗,1
感冒,鼻子不通，流鼻涕，不头痛怎么办,鼻子呼气不畅，流鼻涕但不头痛有什么方法,1
感冒,鼻子不通，流鼻涕，不头痛怎么办,鼻子不通，流鼻涕，不头痛是感冒的症状吗,0
感冒,鼻子不通，流鼻涕，不头痛怎么办,鼻子不通，流鼻涕，不头痛能吃伤风胶囊吗,0
感冒,鼻子不通，流鼻涕，不头痛怎么办,鼻子不通，流鼻涕是鼻炎吗,0
感冒,肠胃性感冒的症状特征是什么,肠胃性感冒的发病症状都有什么,1
感冒,肠胃性感冒的症状特征是什么,肠胃性感冒的症状特征有哪些,1
感冒,肠胃性感冒的症状特征是什么,恶心呕吐是肠胃性感冒吗,0
感冒,肠胃性感冒的症状特征是什么,肠胃性感冒是细菌感染吗,0
感冒,肠胃性感冒的症状特征是什么,肠胃性感冒需要服用什么药,0
感冒,怀孕16周多感冒了怎么办？,怀孕16周得了感冒应该怎么做,1
感冒,怀孕26周多感冒了怎么办?,怀孕26周多感冒了可以服用抗病毒药吗,0
感冒,三个月宝宝鼻子呼呼响没看到鼻涕咋回事,三个月宝宝鼻子呼呼响没看到鼻涕是什么原因,1
感冒,三个月宝宝鼻子呼呼响没看到鼻涕咋回事,三个月宝宝鼻子呼呼响没看到鼻涕是为什么,1
感冒,三个月宝宝鼻子呼呼响没看到鼻涕咋回事,三个月宝宝鼻子不透气是鼻炎吗,0
感冒,三个月宝宝鼻子呼呼响没看到鼻涕咋回事,婴儿鼻子呼呼响没看到鼻涕是呼吸道疾病吗,0
感冒,三个月宝宝鼻子呼呼响没看到鼻涕咋回事,三个月宝宝鼻子呼呼响没看到鼻涕需要吃药吗,0
感冒,怀孕28周了，感冒可以喝生姜水吗？,怀孕27周应该注意什么,0
感冒,怀孕29周了，感冒可以喝生姜水吗？,怀孕27周感冒能不能吃药,0
感冒,怀孕30周了，感冒可以喝生姜水吗？,怀孕27周感冒吃什么药好呢,0
感冒,感冒头痛全身酸痛眼睛迷糊怎么回事,感冒头痛全身酸痛眼睛迷糊是什么原因,1
感冒,感冒头痛全身酸痛眼睛迷糊怎么回事,感冒头痛全身酸痛眼睛迷糊是为什么,1
感冒,感冒头痛全身酸痛眼睛迷糊怎么回事,感冒头痛全身酸痛眼睛迷糊多喝水有效吗,0
感冒,感冒头痛全身酸痛眼睛迷糊怎么回事,感冒头痛全身酸痛眼睛迷糊可以用抗生素吗,0
感冒,感冒头痛全身酸痛眼睛迷糊怎么回事,感冒头痛全身酸痛眼睛迷糊多休息会好转吗,0
感冒,感冒流鼻涕头疼发热全身出虚汗怎么回事,感冒流鼻涕头疼发热全身出虚汗是什么原因,1
感冒,感冒流鼻涕头疼发热全身出虚汗怎么回事,感冒流鼻涕头疼发热全身出虚汗是为什么,1
感冒,感冒流鼻涕头疼发热全身出虚汗怎么回事,流鼻涕头疼发热全身出虚汗是什么病？,0
感冒,感冒流鼻涕头疼发热全身出虚汗怎么回事,感冒流鼻涕头疼发热吃什么药,0
感冒,感冒流鼻涕头疼发热全身出虚汗怎么回事,感冒都会出现哪些症状,0
感冒,宝宝老流鼻涕怎么回事,宝宝老流鼻涕该怎么治疗,1
感冒,宝宝老流鼻涕怎么回事,宝宝老流鼻涕是什么引起的,1
感冒,宝宝老流鼻涕怎么回事,宝宝老流鼻涕是感冒了吗,0
感冒,宝宝老流鼻涕怎么回事,宝宝老流鼻涕会不会发烧,0
感冒,宝宝老流鼻涕怎么回事,宝宝老流鼻涕可以洗澡吗,0
感冒,感冒了还能给孩子喂奶吗?,感冒了给孩子喂奶可以吗,1
感冒,感冒了还能给孩子喂奶吗?,感冒了给孩子喂奶有什么影响吗,1
感冒,感冒了还能给孩子喂奶吗?,哺乳期感冒了能随便吃药吗,0
感冒,感冒了还能给孩子喂奶吗?,哺乳期感冒了能喝小柴胡颗粒吗,0
感冒,感冒了还能给孩子喂奶吗?,小孩子感冒了怎么办,0
感冒,擤鼻涕的时候感觉耳朵里面出气似的咋回事,擤鼻涕的时候总是感觉耳朵里面出气怎么回事,1
感冒,擤鼻涕的时候感觉耳朵里面出气似的咋回事,擤鼻涕的时候感觉耳朵里面出气似的是什么原因,1
感冒,擤鼻涕的时候感觉耳朵里面出气似的咋回事,擤鼻涕的时候感觉耳朵堵了怎么办,0
感冒,擤鼻涕的时候感觉耳朵里面出气似的咋回事,擤鼻涕的时候感觉耳朵里面嗡嗡响是为啥,0
感冒,擤鼻涕的时候感觉耳朵里面出气似的咋回事,擤鼻涕的时候耳朵为什么会疼,0
感冒,怀孕期间感冒了，应该怎么办？,怀孕期间感冒了怎么办才好,1
感冒,怀孕期间感冒了，应该怎么办？,怀孕期间感冒了有什么护理小妙招吗,1
感冒,怀孕期间感冒了，应该怎么办？,怀孕期间感冒了需要吃药吗,0
感冒,怀孕期间感冒了，应该怎么办？,怀孕期间感冒了喝红糖姜水管用吗,0
感冒,怀孕期间感冒了，应该怎么办？,怀孕期间感冒了对宝宝有影响吗,0
感冒,之前感冒了几天为什么一直没好,之前感冒了几天一直没好怎么回事,1
感冒,之前感冒了几天为什么一直没好,感冒好几天都没好为什么,1
感冒,之前感冒了几天为什么一直没好,之前感冒了几天一直没好什么感冒药见效快,0
感冒,之前感冒了几天为什么一直没好,之前感冒了几天一直没好有什么办法提高免疫力吗,0
感冒,之前感冒了几天为什么一直没好,之前感冒了几天一直没好怎么办,0
感冒,早产儿感冒怎么办，时间就一个月了,早产儿现在刚一个月感冒了该怎么治疗啊？,1
感冒,早产儿感冒怎么办，时间就一个月了,早产儿现在刚一个月感冒了如何是好？,1
感冒,早产儿感冒怎么办，时间就一个月了,早产儿爱感冒吗？,0
感冒,早产儿感冒怎么办，时间就一个月了,怎么预防早产儿感冒？,0
感冒,早产儿感冒怎么办，时间就一个月了,早产儿感冒了适合用什么药？,0
感冒,感冒鼻子不通不吃药能好吗？,感冒鼻子不通不吃药可以好吗？,1
感冒,感冒鼻子不通不吃药能好吗？,鼻子不通不吃药这样感冒能好吗？,1
感冒,感冒鼻子不通不吃药能好吗？,感冒了鼻子不通怎么回事？,0
感冒,感冒鼻子不通不吃药能好吗？,感冒鼻子不通有什么方法让鼻子最快通气？,0
感冒,感冒鼻子不通不吃药能好吗？,流鼻涕，鼻子不通，是不是感冒的症状？,0
上呼吸道感染,请问中耳炎能使上呼吸道感染吗,请问中耳炎会使上呼吸道感染吗?,1
上呼吸道感染,请问中耳炎能使上呼吸道感染吗,请问中耳炎会不会使上呼吸道感染？,1
上呼吸道感染,请问中耳炎能使上呼吸道感染吗,请问中耳炎能使上呼吸道严重感染吗？,0
上呼吸道感染,请问中耳炎能使上呼吸道感染吗,请问中耳炎吃什么药比较好呢？,0
上呼吸道感染,请问中耳炎能使上呼吸道感染吗,请问中耳炎吃什么药效果最好呢？,0
上呼吸道感染,孕妇间接接触猫会感染弓形虫么？,孕妇与养猫的人接触会感染弓形虫吗？,1
上呼吸道感染,孕妇间接接触猫会感染弓形虫么？,孕妇间接接触猫会不会感染弓形虫？,1
上呼吸道感染,孕妇间接接触猫会感染弓形虫么？,孕妇摸猫会不会感染弓形虫？,0
上呼吸道感染,孕妇间接接触猫会感染弓形虫么？,孕妇抚摸家猫会不会得弓形虫？,0
上呼吸道感染,孕妇间接接触猫会感染弓形虫么？,孕妇吃了猫接触过的大葱会感染弓形虫吗,0
上呼吸道感染,阿莫西林胶囊是抗生素吗？,阿莫西林胶囊是抗生素药吗？,1
上呼吸道感染,阿莫西林胶囊是抗生素吗？,阿莫西林胶囊是不是抗生素？,1
上呼吸道感染,阿莫西林胶囊是抗生素吗？,阿莫西林胶囊是消炎药吗？,0
上呼吸道感染,阿莫西林胶囊是抗生素吗？,阿莫西林胶囊属于抗生素还是消炎药呢,0
上呼吸道感染,阿莫西林胶囊是抗生素吗？,阿莫西林胶囊这种药物是属于消炎药的一种么,0
上呼吸道感染,阿莫西林胶囊吃了7粒后果会怎么样,阿莫西林胶囊吃了7粒有什么后果？,1
上呼吸道感染,阿莫西林胶囊吃了7粒后果会怎么样,阿莫西林胶囊吃了7粒会导致什么结果？,1
上呼吸道感染,阿莫西林胶囊吃了7粒后果会怎么样,阿莫西林胶囊吃了7粒后果严重吗,0
上呼吸道感染,阿莫西林胶囊吃了7粒后果会怎么样,阿莫西林胶囊吃了7粒会不会拉肚子啊,0
上呼吸道感染,阿莫西林胶囊吃了7粒后果会怎么样,阿莫西林胶囊吃了7粒会让人产生不适反应吗？,0
上呼吸道感染,"今天早上感冒了,打喷嚏,流鼻涕",感冒流鼻涕打喷嚏,1
上呼吸道感染,"今天早上感冒了,打喷嚏,流鼻涕","今天早上感冒了,一直打喷嚏,流鼻涕",1
上呼吸道感染,"今天早上感冒了,打喷嚏,流鼻涕",经常打喷嚏流鼻涕是感冒吗,0
上呼吸道感染,"今天早上感冒了,打喷嚏,流鼻涕",打喷嚏流鼻涕是什么感冒,0
上呼吸道感染,阿莫西林胶囊的常规用量,阿莫西林胶囊用法用量？,1
上呼吸道感染,阿莫西林胶囊的常规用量,阿莫西林胶囊的一般用量是多少,1
上呼吸道感染,阿莫西林胶囊的常规用量,阿莫西林胶囊怎么用？,0
上呼吸道感染,阿莫西林胶囊的常规用量,阿莫西林胶囊的功效是什么？,0
上呼吸道感染,阿莫西林胶囊的常规用量,阿莫西林胶囊的成分是什么？,0
上呼吸道感染,上呼吸道感染发烧38度,上呼吸道感染发烧38度怎么治疗?,1
上呼吸道感染,上呼吸道感染发烧38度,上呼吸道感染发烧38度咋办,1
上呼吸道感染,上呼吸道感染发烧38度,上呼吸道感染，发烧38.3时可以哺乳吗,0
上呼吸道感染,上呼吸道感染发烧38度,上呼吸道感染引起的发烧，一直38度退不下来,0
上呼吸道感染,上呼吸道感染发烧38度,上呼吸道感染发烧38度会有什么症状,0
上呼吸道感染,上呼吸道感染:咳嗽半个月,上呼吸道感染半个月了，一直咳嗽,1
上呼吸道感染,上呼吸道感染:咳嗽半个月,上呼吸道感染:咳嗽有半个月了,1
上呼吸道感染,上呼吸道感染:咳嗽半个月,上呼吸道感染半个月了，白天咳嗽的厉还,0
上呼吸道感染,上呼吸道感染:咳嗽半个月,"上呼吸道感染,咳嗽时好时坏!",0
上呼吸道感染,上呼吸道感染:咳嗽半个月,上呼吸道感染:咳嗽一直没停过,0
上呼吸道感染,婴儿上呼吸道感染是什么引起的,请问婴儿上呼吸道感染是怎么造成的？,1
上呼吸道感染,婴儿上呼吸道感染是什么引起的,婴儿上呼吸道感染是什么导致的？,1
上呼吸道感染,婴儿上呼吸道感染是什么引起的,新生儿上呼吸道感染，会引发唇色发黑么？,0
上呼吸道感染,婴儿上呼吸道感染是什么引起的,婴儿上呼吸道感染，会有什么症状呢,0
上呼吸道感染,婴儿上呼吸道感染是什么引起的,婴儿上呼吸道感染，要用什么药物治疗呢,0
上呼吸道感染,婴儿上呼吸道感染是什么引起的,什么原因导致婴幼儿上呼吸道感染,1
上呼吸道感染,婴儿上呼吸道感染是什么引起的,婴幼儿为什么会得上呼吸道感染,1
上呼吸道感染,婴儿上呼吸道感染是什么引起的,上呼吸道感染的症状是什么,0
上呼吸道感染,婴儿上呼吸道感染是什么引起的,上呼吸道感染和下呼吸道感染有什么区别,0
上呼吸道感染,婴儿上呼吸道感染是什么引起的,上呼吸道感染会引起胸闷气短吗,0
上呼吸道感染,婴儿上呼吸道感染是什么引起的,什么原因会引起婴幼儿上呼吸道感染,1
上呼吸道感染,婴儿上呼吸道感染是什么引起的,婴幼儿免疫力下降是不是会引起上呼吸道感染,1
上呼吸道感染,婴儿上呼吸道感染是什么引起的,婴幼儿上呼吸道感染能吃油腻的食物吗,0
上呼吸道感染,婴儿上呼吸道感染是什么引起的,婴幼儿上呼吸道感染补充维生素可以改善吗,0
上呼吸道感染,婴儿上呼吸道感染是什么引起的,两个月的婴儿上呼吸道感染可以吃药吗,0
上呼吸道感染,30周孕妇上呼吸道感染怎么办？,30周孕妇上呼吸道感染怎么治疗？,1
上呼吸道感染,30周孕妇上呼吸道感染怎么办？,30周孕妇上呼吸道感染如何治疗？,1
上呼吸道感染,30周孕妇上呼吸道感染怎么办？,31周孕妇上呼吸道感染怎么办？,0
上呼吸道感染,30周孕妇上呼吸道感染怎么办？,30周孕妇上呼吸道感染严重吗？,0
上呼吸道感染,30周孕妇上呼吸道感染怎么办？,30周孕妇上呼吸道感染要住院吗？,0
上呼吸道感染,百利阿莫西林胶囊的注意事项有哪些？,百利(阿莫西林胶囊)的注意事项有什么呢？,1
上呼吸道感染,百利阿莫西林胶囊的注意事项有哪些？,百利阿莫西林胶囊有哪些注意事项呢？,1
上呼吸道感染,百利阿莫西林胶囊的注意事项有哪些？,百利阿莫西林胶囊的用法用量？,0
上呼吸道感染,百利阿莫西林胶囊的注意事项有哪些？,百利阿莫西林胶囊效果怎么样？,0
上呼吸道感染,百利阿莫西林胶囊的注意事项有哪些？,百利阿莫西林胶囊能用于哪些症状,0
上呼吸道感染,阿莫西林胶囊吃了20粒后果会怎么样,阿莫西林胶囊吃了20粒会有什么样后果,1
上呼吸道感染,阿莫西林胶囊吃了20粒后果会怎么样,阿莫西林胶囊吃了20粒会导致什么样后果,1
上呼吸道感染,阿莫西林胶囊吃了20粒后果会怎么样,阿莫西林胶囊吃了20粒后果严重吗？,0
上呼吸道感染,阿莫西林胶囊吃了20粒后果会怎么样,阿莫西林胶囊吃了20粒会不会导致不良反应,0
上呼吸道感染,阿莫西林胶囊吃了20粒后果会怎么样,阿莫西林胶囊吃了20粒会出人命吗？,0
上呼吸道感染,小儿上呼吸道感染的原因有哪些？,小儿上呼吸道感染的病因是什么？,1
上呼吸道感染,小儿上呼吸道感染的原因有哪些？,小儿上呼吸道感染是什么原因引起的？,1
上呼吸道感染,小儿上呼吸道感染的原因有哪些？,小儿急性上呼吸道感染的病因,0
上呼吸道感染,小儿上呼吸道感染的原因有哪些？,小儿感冒的原因,0
上呼吸道感染,小儿上呼吸道感染的原因有哪些？,小儿支气管炎的原因有哪些？,0
上呼吸道感染,小儿上呼吸道感染的原因有哪些？,小儿上呼吸道感染有哪些原因？,1
上呼吸道感染,小儿上呼吸道感染的原因有哪些？,有哪些原因导致小儿上呼吸道感染？,1
上呼吸道感染,小儿上呼吸道感染的原因有哪些？,小儿上呼吸道感染吃药没有效果怎么办？,0
上呼吸道感染,小儿上呼吸道感染的原因有哪些？,小儿上呼吸道感染可以用哪些药？,0
上呼吸道感染,小儿上呼吸道感染的原因有哪些？,小儿上呼吸道感染可以预防吗？,0
上呼吸道感染,急性咽喉炎上呼吸道感染多久可以好,急性咽喉炎上呼吸道感染几天能好呢,1
上呼吸道感染,急性咽喉炎上呼吸道感染多久可以好,急性咽喉炎上呼吸道感染多久能痊愈呢？,1
上呼吸道感染,急性咽喉炎上呼吸道感染多久可以好,急性咽喉炎上呼吸道感染要怎么治疗,0
上呼吸道感染,急性咽喉炎上呼吸道感染多久可以好,急性咽喉炎上呼吸道感染严重吗,0
上呼吸道感染,急性咽喉炎上呼吸道感染多久可以好,急性咽喉炎上呼吸道感染有什么症状？,0
上呼吸道感染,头孢克肟可以医治上呼吸道感染吗？,头孢克肟能医治上呼吸道感染吗？,1
上呼吸道感染,头孢克肟可以医治上呼吸道感染吗？,头孢克肟能否医治上呼吸道感染,1
上呼吸道感染,头孢克肟可以医治上呼吸道感染吗？,头孢克肟可以医治上什么病状？,0
上呼吸道感染,头孢克肟可以医治上呼吸道感染吗？,头孢克肟的用法用量是什么,0
上呼吸道感染,头孢克肟可以医治上呼吸道感染吗？,头孢克肟适用于什么症状,0
上呼吸道感染,上呼吸道感染引起的原因有哪些,上呼吸道感染主要引起的原因 ?,1
上呼吸道感染,上呼吸道感染引起的原因有哪些,引起上呼吸道感染的原因是什么？,1
上呼吸道感染,上呼吸道感染引起的原因有哪些,反复上呼吸道感染，什么原因导致？,0
上呼吸道感染,上呼吸道感染引起的原因有哪些,小儿上呼吸道感染是什么原因引起的？,0
上呼吸道感染,上呼吸道感染引起的原因有哪些,"上呼吸道感染,引起的发烧,一直不降,什么原因",0
上呼吸道感染,上呼吸道感染引起的原因有哪些,上呼吸道感染是什么原因造成的,1
上呼吸道感染,上呼吸道感染引起的原因有哪些,反复上呼吸道感染，什么原因导致,0
上呼吸道感染,上呼吸道感染引起的原因有哪些,造成妊娠合并急性上呼吸道感染的原因有哪些？,0
上呼吸道感染,上呼吸道感染引起的病毒性感冒,由上呼吸道感染引起的病毒性感冒,1
上呼吸道感染,上呼吸道感染引起的病毒性感冒,上呼吸道感染导致病毒性感冒,1
上呼吸道感染,上呼吸道感染引起的病毒性感冒,7个月宝宝病毒性感冒引起上呼吸道感染，吃,0
上呼吸道感染,上呼吸道感染引起的病毒性感冒,病毒性感冒引起的发烧怎么办？,0
上呼吸道感染,上呼吸道感染引起的病毒性感冒,病毒性感冒引起上呼吸道感染咳嗽，吃些什么,0
上呼吸道感染,阿莫西林胶囊适用于什么病症,阿莫西林胶囊适应于哪些症状？,1
上呼吸道感染,阿莫西林胶囊适用于什么病症,阿莫西林胶囊适用病症,1
上呼吸道感染,阿莫西林胶囊适用于什么病症,阿莫西林胶囊有什么药效,0
上呼吸道感染,阿莫西林胶囊适用于什么病症,你好请问阿莫西林胶囊是适用于什么症状的可以抗什么菌啊,0
上呼吸道感染,阿莫西林胶囊适用于什么病症,阿莫西林胶囊的用法用量？,0
上呼吸道感染,克拉霉素分散片吃多了要怎么做,克拉霉素分散片吃多了要怎么处理?,1
上呼吸道感染,克拉霉素分散片吃多了要怎么做,克拉霉素分散片吃多了要怎么办？,1
上呼吸道感染,克拉霉素分散片吃多了要怎么做,吃克拉霉素分散片后感觉不舒服是怎么回事？,0
上呼吸道感染,克拉霉素分散片吃多了要怎么做,克拉霉素分散片饭中吃还是饭后吃,0
上呼吸道感染,克拉霉素分散片吃多了要怎么做,克拉霉素分散片吃多了一倍怎么办？,0
上呼吸道感染,大腿根筋疼是什么原因造成的,大腿根筋痛是什么原因,1
上呼吸道感染,大腿根筋疼是什么原因造成的,大腿根部筋疼痛是什么原因？,1
上呼吸道感染,大腿根筋疼是什么原因造成的,大腿内侧筋疼痛是什么原因,0
上呼吸道感染,大腿根筋疼是什么原因造成的,大腿内侧筋痛不知道是什么原因？,0
上呼吸道感染,大腿根筋疼是什么原因造成的,孩子大腿内侧筋突然疼痛是什么原因,0
上呼吸道感染,请问克拉霉素缓释片月经期间可以吃吗,请问月经期间可以服用克拉霉素缓释片吗？,1
上呼吸道感染,请问克拉霉素缓释片月经期间可以吃吗,请问月经期间可以吃克拉霉素缓释片吗？,1
上呼吸道感染,请问克拉霉素缓释片月经期间可以吃吗,请问克拉霉素缓释片月经期间吃有什么危害呢？,0
上呼吸道感染,请问克拉霉素缓释片月经期间可以吃吗,请问克拉霉素缓释片月经期间可以吃多少的量呢,0
上呼吸道感染,请问克拉霉素缓释片月经期间可以吃吗,请问克拉霉素缓释片月经期间可以吃能够有药效吗？,0
上呼吸道感染,服用阿莫西林胶囊要注意什么,服用阿莫西林胶囊需要注意什么,1
上呼吸道感染,服用阿莫西林胶囊要注意什么,服用阿莫西林胶囊要注意哪些事项,1
上呼吸道感染,服用阿莫西林胶囊要注意什么,什么症状下可以吃阿莫西林胶囊，同时还要注意哪些问题？,0
上呼吸道感染,服用阿莫西林胶囊要注意什么,吃了阿莫西林双氯林钠胶囊有什么注意的,0
上呼吸道感染,服用阿莫西林胶囊要注意什么,服用百利(阿莫西林胶囊)要注意什么？,0
上呼吸道感染,孕妇怀孕三个月可以吃阿莫西林胶囊吗,孕妇怀孕三个月可以服用阿莫西林胶囊吗,1
上呼吸道感染,孕妇怀孕三个月可以吃阿莫西林胶囊吗,孕妇怀孕三个月能不能吃阿莫西林胶囊,1
上呼吸道感染,孕妇怀孕三个月可以吃阿莫西林胶囊吗,孕妇DHA什么时候吃有讲究,0
上呼吸道感染,孕妇怀孕三个月可以吃阿莫西林胶囊吗,孕妇怀孕三个月吃阿莫西林会有什么后果？,0
上呼吸道感染,孕妇怀孕三个月可以吃阿莫西林胶囊吗,孕妇怀孕三个月吃阿莫西林会对宝宝有影响吗？,0
上呼吸道感染,8个月宝宝高烧39度怎么办,八个月婴儿发烧39度怎么办,1
上呼吸道感染,8个月宝宝高烧39度怎么办,8个月小孩发烧39度怎么办,1
上呼吸道感染,8个月宝宝高烧39度怎么办,19个月宝宝发烧39度怎么办？,0
上呼吸道感染,8个月宝宝高烧39度怎么办,13个月宝宝发烧39度怎么办？,0
上呼吸道感染,8个月宝宝高烧39度怎么办,5个月宝宝发烧39度怎么办？,0
上呼吸道感染,经常上呼吸道发炎怎么办,上呼吸道经常发炎怎么办？,1
上呼吸道感染,经常上呼吸道发炎怎么办,经常出现上呼吸道炎症，怎么办？,1
上呼吸道感染,经常上呼吸道发炎怎么办,经常上呼吸道感染怎么办？,0
上呼吸道感染,经常上呼吸道发炎怎么办,老是上呼吸道感染怎么办？,0
上呼吸道感染,经常上呼吸道发炎怎么办,孩子老是上呼吸道感染怎么办？,0
上呼吸道感染,怎么区别鼻炎和上呼吸道感染?,如何区别鼻炎和上呼吸道感染?,1
上呼吸道感染,怎么区别鼻炎和上呼吸道感染?,怎么辨别鼻炎和上呼吸道感染?,1
上呼吸道感染,怎么区别鼻炎和上呼吸道感染?,鼻炎，上呼吸道感染上呼吸道感染会烧几天,0
上呼吸道感染,怎么区别鼻炎和上呼吸道感染?,鼻炎？上呼吸道感染？鼻炎如何缓解,0
上呼吸道感染,怎么区别鼻炎和上呼吸道感染?,过敏性鼻炎 上呼吸道感染是细菌感染吗？,0
上呼吸道感染,盆腔炎的临床症状表现是什么？,盆腔炎有什么样的临床表现症状呢？,1
上呼吸道感染,盆腔炎的临床症状表现是什么？,想问问盆腔炎的临床症状表现是什么，求解,1
上呼吸道感染,盆腔炎的临床症状表现是什么？,慢性盆腔炎的临床症状表现有哪些,0
上呼吸道感染,盆腔炎的临床症状表现是什么？,盆腔炎吃什么能治疗呢？,0
上呼吸道感染,盆腔炎的临床症状表现是什么？,患上盆腔炎后表现的临床症状是？,0
上呼吸道感染,反复上呼吸道感染，什么原因导致,上呼吸道总是反复感染什么原因,1
上呼吸道感染,反复上呼吸道感染，什么原因导致,上呼吸道反复感染原因？,1
上呼吸道感染,反复上呼吸道感染，什么原因导致,上呼吸道感染 小孩反复发烧到底是什么原因,0
上呼吸道感染,反复上呼吸道感染，什么原因导致,求解反复上呼吸道感染的原因和痊愈方法,0
上呼吸道感染,反复上呼吸道感染，什么原因导致,上呼吸道感染8 个月大小孩反复发烧是什么原因,0
上呼吸道感染,新生儿上呼吸道感染症状？,新生儿上呼吸道感染症状有哪些,1
上呼吸道感染,新生儿上呼吸道感染症状？,婴儿上呼吸道感染症状表现是什么,1
上呼吸道感染,新生儿上呼吸道感染症状？,新生儿上呼吸道感染严重吗？？,0
上呼吸道感染,新生儿上呼吸道感染症状？,新生儿上呼吸道感染怎么办,0
上呼吸道感染,新生儿上呼吸道感染症状？,新生儿上呼吸道感染如何治疗,0
上呼吸道感染,宝宝上呼吸道感染反复发烧该如何治疗,宝宝上呼吸道感染反复发烧怎么治？,1
上呼吸道感染,宝宝上呼吸道感染反复发烧该如何治疗,宝宝上呼吸道感染反复发烧该怎样进行治疗,1
上呼吸道感染,宝宝上呼吸道感染反复发烧该如何治疗,一周岁宝宝上呼吸道感染反复发烧，两天了需要输液治疗吗？,0
上呼吸道感染,宝宝上呼吸道感染反复发烧该如何治疗,10岁小孩上呼吸道感染反复发烧如何治疗,0
上呼吸道感染,宝宝上呼吸道感染反复发烧该如何治疗,小孩反复上呼吸道感染，发烧怎么根治？,0
上呼吸道感染,"上呼吸道感染吃什么药,可以不吃吗","上呼吸道感染吃什么药,能不吃吗",1
上呼吸道感染,"上呼吸道感染吃什么药,可以不吃吗","上呼吸道感染可以吃什么药,能不吃吗",1
上呼吸道感染,"上呼吸道感染吃什么药,可以不吃吗",产后上呼吸道感染吃什么药不影响奶制,0
上呼吸道感染,"上呼吸道感染吃什么药,可以不吃吗",上呼吸道感染吃什么药最好？上呼吸道感染吃什么药最有效,0
上呼吸道感染,"上呼吸道感染吃什么药,可以不吃吗",上呼吸道感染吃什么药最有效,0
上呼吸道感染,宝宝上呼吸道感染吃什么药,小儿上呼吸道感染吃什么药?,1
上呼吸道感染,宝宝上呼吸道感染吃什么药,宝宝上呼吸道感染吃那种药?,1
上呼吸道感染,宝宝上呼吸道感染吃什么药,七个月宝宝上呼吸道感染吃什么药好？,0
上呼吸道感染,宝宝上呼吸道感染吃什么药,42天的宝宝上呼吸道感染吃什么药,0
上呼吸道感染,宝宝上呼吸道感染吃什么药,宝宝上呼吸道感染吃什么药快,0
上呼吸道感染,能用阿莫西林胶囊治疗伤口吗,阿莫西林胶囊能用来治疗伤口吗,1
上呼吸道感染,能用阿莫西林胶囊治疗伤口吗,可以用阿莫西林胶囊治疗伤口吗,1
上呼吸道感染,能用阿莫西林胶囊治疗伤口吗,阿莫西林胶囊对治疗伤口有效吗,0
上呼吸道感染,能用阿莫西林胶囊治疗伤口吗,阿莫西林胶囊的用量是多少呢,0
上呼吸道感染,能用阿莫西林胶囊治疗伤口吗,阿莫西林胶囊用于什么症状呢,0
上呼吸道感染,宝宝反复上呼吸道感染怎么办，是免疫低,宝宝反复上呼吸道感染怎么处理，是免疫低,1
上呼吸道感染,宝宝反复上呼吸道感染怎么办，是免疫低,宝宝反复上呼吸道感染怎么治疗，是免疫低,1
上呼吸道感染,宝宝反复上呼吸道感染怎么办，是免疫低,宝宝反复上呼吸道感染怎么办，严不严重啊？,0
上呼吸道感染,宝宝反复上呼吸道感染怎么办，是免疫低,一岁小孩反复呼吸道感染 反复呼吸道感染，免疫力低下,0
上呼吸道感染,宝宝反复上呼吸道感染怎么办，是免疫低,反复呼吸道感染 宝宝免疫低下,0
上呼吸道感染,上呼吸道感染和下呼吸道感染有什么区别？,上呼吸道感染和下呼吸道感染的区别,1
上呼吸道感染,上呼吸道感染和下呼吸道感染有什么区别？,上呼吸道和下呼吸道感染有什么不同吗,1
上呼吸道感染,上呼吸道感染和下呼吸道感染有什么区别？,我想请问下。宝宝上呼吸道感染和下呼吸道感染有什么差别？,0
上呼吸道感染,上呼吸道感染和下呼吸道感染有什么区别？,"上呼吸道跟下呼吸道感染怎么区别,化验单能否看出来",0
上呼吸道感染,上呼吸道感染和下呼吸道感染有什么区别？,上、下呼吸道感染的区别和具体用药,0
上呼吸道感染,上呼吸道感染的治疗方法,上呼吸道感染的治疗方法有哪些,1
上呼吸道感染,上呼吸道感染的治疗方法,上呼吸道感染有什么办法治疗？,1
上呼吸道感染,上呼吸道感染的治疗方法,孕妇上呼吸道感染治疗方法？,0
上呼吸道感染,上呼吸道感染的治疗方法,急性上呼吸道感染的治疗方法,0
上呼吸道感染,上呼吸道感染的治疗方法,咨询上呼吸道感染的症状和治疗方法,0
上呼吸道感染,感冒上呼吸道感染的区别,上呼吸道感染和感冒的区别是什么？,1
上呼吸道感染,感冒上呼吸道感染的区别,上呼吸道感染和感冒有什么区别？,1
上呼吸道感染,感冒上呼吸道感染的区别,上呼吸道感染是什么原因造成的，与感冒有什么区别吗？,0
上呼吸道感染,感冒上呼吸道感染的区别,上呼吸道感染，感冒怎么治疗比较好？,0
上呼吸道感染,感冒上呼吸道感染的区别,普通感冒与呼吸道感染有区别吗？,0
上呼吸道感染,上呼吸道感染低烧反复发作,上呼吸道感染低烧反复发作怎么办,1
上呼吸道感染,上呼吸道感染低烧反复发作,上呼吸道感染低烧反复发作怎么处理,1
上呼吸道感染,上呼吸道感染低烧反复发作,上呼吸道感染低烧反复发作会不会留下后遗症,0
上呼吸道感染,上呼吸道感染低烧反复发作,上呼吸道感染低烧反复发作是什么导致的,0
上呼吸道感染,上呼吸道感染低烧反复发作,上呼吸道感染低烧反复发作是什么原因,0
上呼吸道感染,阿莫西林胶囊治什么病的？,想要请教一下阿莫西林胶囊可以治疗什么病症的啊,1
上呼吸道感染,阿莫西林胶囊治什么病的？,阿莫西林胶囊是治什么病的药,1
上呼吸道感染,阿莫西林胶囊治什么病的？,阿莫西林胶囊主要治疗什么病,0
上呼吸道感染,阿莫西林胶囊治什么病的？,阿莫西林胶囊和诺氟沙星胶囊是治疗什么病的,0
上呼吸道感染,阿莫西林胶囊治什么病的？,阿莫西林胶囊是主治那些病症类的用药呢,0
上呼吸道感染,上呼吸道感染可以吃罗红霉素吗？,上呼吸道感染能吃罗红霉素吗？,1
上呼吸道感染,上呼吸道感染可以吃罗红霉素吗？,上呼吸道感染可不可以吃罗红霉素？,1
上呼吸道感染,上呼吸道感染可以吃罗红霉素吗？,上呼吸道感染吃头孢还是罗红霉素,0
上呼吸道感染,上呼吸道感染可以吃罗红霉素吗？,上呼吸道感染阿莫西林和罗红霉素可以一起吃吗,0
上呼吸道感染,上呼吸道感染可以吃罗红霉素吗？,上呼吸道感染，吃了三天罗红霉素，可否换成头孢？,0
上呼吸道感染,上呼吸道感染可以吃罗红霉素吗？,上呼吸道感染吃罗红霉素有效果吗,1
上呼吸道感染,上呼吸道感染可以吃罗红霉素吗？,上呼吸道感染需要吃罗红霉素吗？,1
上呼吸道感染,上呼吸道感染可以吃罗红霉素吗？,上呼吸道感染是什么症状,0
上呼吸道感染,上呼吸道感染可以吃罗红霉素吗？,上呼吸道感染需要吃药什么药,0
上呼吸道感染,上呼吸道感染可以吃罗红霉素吗？,罗红霉素作用是什么,0
上呼吸道感染,银黄颗粒治上呼吸道感染吗,银黄颗粒可以治疗上呼吸道感染吗,1
上呼吸道感染,银黄颗粒治上呼吸道感染吗,银黄颗粒能治疗上呼吸道感染吗,1
上呼吸道感染,银黄颗粒治上呼吸道感染吗,银黄颗粒用于什么症状,0
上呼吸道感染,银黄颗粒治上呼吸道感染吗,银黄颗粒能治疗什么疾病,0
上呼吸道感染,银黄颗粒治上呼吸道感染吗,银黄颗粒用法用量是什么,0
上呼吸道感染,宝宝2岁上呼吸道感染反复发烧该怎么办,2岁宝宝上呼吸道感染反复发烧怎么办,1
上呼吸道感染,宝宝2岁上呼吸道感染反复发烧该怎么办,宝宝2岁上呼吸道感染反复发烧该怎么治疗,1
上呼吸道感染,宝宝2岁上呼吸道感染反复发烧该怎么办,3岁宝宝上呼吸道感染反复发烧怎么办,0
上呼吸道感染,宝宝2岁上呼吸道感染反复发烧该怎么办,2岁宝宝上呼吸道感染反复发烧，怎么回事？,0
上呼吸道感染,宝宝2岁上呼吸道感染反复发烧该怎么办,2岁多宝宝上呼吸道感染反复发烧头疼怎么办,0
上呼吸道感染,阿莫西林胶囊对人有危害的吗？,阿莫西林胶囊会对人产生危害的吗？,1
上呼吸道感染,阿莫西林胶囊对人有危害的吗？,阿莫西林胶囊会损害人的健康吗？,1
上呼吸道感染,阿莫西林胶囊对人有危害的吗？,阿莫西林胶囊对人多大的危害？,0
上呼吸道感染,阿莫西林胶囊对人有危害的吗？,阿莫西林胶囊对人有什么影响？,0
上呼吸道感染,阿莫西林胶囊对人有危害的吗？,阿莫西林胶囊可以治疗哪些病状呢？,0
上呼吸道感染,上呼吸道感染咳嗽厉害吃什么药,上呼吸道感染咳嗽吃什么药,1
上呼吸道感染,上呼吸道感染咳嗽厉害吃什么药,上呼吸道感染咳嗽厉害吃哪种药,1
上呼吸道感染,上呼吸道感染咳嗽厉害吃什么药,上呼吸道感染引发的咳嗽吃什么药,0
上呼吸道感染,上呼吸道感染咳嗽厉害吃什么药,上呼吸道感染咳嗽吃什么药效果好,0
上呼吸道感染,上呼吸道感染咳嗽厉害吃什么药,上呼吸道感染咳嗽厉害吃什么药最有效？,0
上呼吸道感染,怀孕十一周每天早上感觉肚子有点痛正常吗,怀孕十一周每天早上感觉肚子有点痛是正常的吗？,1
上呼吸道感染,怀孕十一周每天早上感觉肚子有点痛正常吗,怀孕十一周每天早上肚子有点痛正常吗？,1
上呼吸道感染,怀孕十一周每天早上感觉肚子有点痛正常吗,怀孕十周后，每天早上肚子都痛,0
上呼吸道感染,怀孕十一周每天早上感觉肚子有点痛正常吗,怀孕八周后，每天早上肚子都痛正常吗,0
上呼吸道感染,怀孕十一周每天早上感觉肚子有点痛正常吗,怀孕十五周后，每天早上肚子都痛危险吗,0
上呼吸道感染,青霉素过敏的人能吃阿莫西林胶囊吗,青霉素过敏的人可以吃阿莫西林胶囊吗,1
上呼吸道感染,青霉素过敏的人能吃阿莫西林胶囊吗,青霉素过敏的人吃阿莫西林胶囊行吗,1
上呼吸道感染,青霉素过敏的人能吃阿莫西林胶囊吗,青霉素过敏的人能吃感康吗,0
上呼吸道感染,青霉素过敏的人能吃阿莫西林胶囊吗,海鲜过敏的人能吃阿莫西林胶囊吗,0
上呼吸道感染,青霉素过敏的人能吃阿莫西林胶囊吗,青霉素过敏的人为什么不能吃阿莫西林胶囊,0
上呼吸道感染,发烧，咽痛，有痰咳嗽上呼吸道感染,发烧，咽痛，有痰咳嗽上呼吸道感染怎么办,1
上呼吸道感染,发烧，咽痛，有痰咳嗽上呼吸道感染,发烧，咽痛，有痰咳嗽上呼吸道感染怎么治疗,1
上呼吸道感染,发烧，咽痛，有痰咳嗽上呼吸道感染,发烧，咽痛，有痰咳嗽是感冒了吗,0
上呼吸道感染,发烧，咽痛，有痰咳嗽上呼吸道感染,发烧，咽痛，有痰咳嗽是呼吸道感染吗,0
上呼吸道感染,发烧，咽痛，有痰咳嗽上呼吸道感染,发烧，咽痛，有痰咳嗽是怎么了,0
上呼吸道感染,鼻息肉会带来哪些危害？,鼻息肉会有什么的危害？,1
上呼吸道感染,鼻息肉会带来哪些危害？,出现了鼻息肉会有什么危害,1
上呼吸道感染,鼻息肉会带来哪些危害？,我有鼻息肉，这会对发育有什么影响和危害,0
上呼吸道感染,鼻息肉会带来哪些危害？,鼻息肉手术会有什么危害吗？,0
上呼吸道感染,鼻息肉会带来哪些危害？,鼻息肉能治好吗？,0
上呼吸道感染,鼻息肉会带来哪些危害？,鼻息肉的危害是什么,1
上呼吸道感染,鼻息肉会带来哪些危害？,鼻息肉都有什么危害,1
上呼吸道感染,鼻息肉会带来哪些危害？,鼻息肉需要吃药吗,0
上呼吸道感染,鼻息肉会带来哪些危害？,鼻息肉要做手术吗,0
上呼吸道感染,鼻息肉会带来哪些危害？,鼻息肉是什么引起的,0
上呼吸道感染,上呼吸道感染，会传给家里人吗？,上呼吸道感染，是不是会传给家里人？,1
上呼吸道感染,上呼吸道感染，会传给家里人吗？,如果上呼吸道感染，会传给家里人吗？,1
上呼吸道感染,上呼吸道感染，会传给家里人吗？,下呼吸道感染，会传给家里人吗？,0
上呼吸道感染,上呼吸道感染，会传给家里人吗？,上呼吸道感染，怎么治疗？,0
上呼吸道感染,上呼吸道感染，会传给家里人吗？,上呼吸道感染，吃什么药会好？,0
上呼吸道感染,4岁上呼吸道感染低烧不退怎么办,4岁上呼吸道感染低烧不退有什么办法,1
上呼吸道感染,4岁上呼吸道感染低烧不退怎么办,4岁上呼吸道感染低烧不退需要怎么做,1
上呼吸道感染,4岁上呼吸道感染低烧不退怎么办,4岁上呼吸道感染是低烧引起的吗,0
上呼吸道感染,4岁上呼吸道感染低烧不退怎么办,4岁上呼吸道感染低烧不退是什么病,0
上呼吸道感染,4岁上呼吸道感染低烧不退怎么办,5岁低烧不退是病毒性感冒吗,0
上呼吸道感染,孩子感冒发烧，打几天点滴，不见好转怎么办,孩子感冒发烧输水未见好转怎么办,1
上呼吸道感染,孩子感冒发烧，打几天点滴，不见好转怎么办,孩子感冒发烧，输液好几天了，不见好转需要怎么办,1
上呼吸道感染,孩子感冒发烧，打几天点滴，不见好转怎么办,孩子感冒发烧需要查血吗,0
上呼吸道感染,孩子感冒发烧，打几天点滴，不见好转怎么办,孩子感冒发烧能喝板蓝根吗,0
上呼吸道感染,孩子感冒发烧，打几天点滴，不见好转怎么办,孩子感冒发烧是病毒吗,0
上呼吸道感染,拉肚子可以吃阿莫西林胶囊吗,拉肚子能吃阿莫西林胶囊吗,1
上呼吸道感染,拉肚子可以吃阿莫西林胶囊吗,阿莫西林胶囊可以治疗拉肚子吗,1
上呼吸道感染,拉肚子可以吃阿莫西林胶囊吗,拉肚子能喝酒吗,0
上呼吸道感染,拉肚子可以吃阿莫西林胶囊吗,吃阿莫西林胶囊腹泻还能吃吗,0
上呼吸道感染,拉肚子可以吃阿莫西林胶囊吗,拉肚可以喝红糖姜水吗,0
上呼吸道感染,细菌性上呼吸道感染是否可服抗病毒口服液,细菌性上呼吸道感染可以吃抗病毒口服液吗,1
上呼吸道感染,细菌性上呼吸道感染是否可服抗病毒口服液,抗病毒口服液能治疗细菌性上呼道感染吗,1
上呼吸道感染,细菌性上呼吸道感染是否可服抗病毒口服液,细菌性上呼道感染是怎么引起的,0
上呼吸道感染,细菌性上呼吸道感染是否可服抗病毒口服液,抗病毒口服液多大的孩子可以喝,0
上呼吸道感染,细菌性上呼吸道感染是否可服抗病毒口服液,什么症状可以喝抗病毒口服液,0
上呼吸道感染,上呼吸道感染用什么药?,上呼道感染应该吃什么药,1
上呼吸道感染,上呼吸道感染用什么药?,什么药治疗上呼道感染,1
上呼吸道感染,上呼吸道感染用什么药?,上呼道感染的后遗症有哪些,0
上呼吸道感染,上呼吸道感染用什么药?,上呼道感染喝中药好吗,0
上呼吸道感染,上呼吸道感染用什么药?,上呼道感染会引起咳嗽吗,0
上呼吸道感染,上呼吸道感染用什么药?,上呼道感染应该吃什么药,1
上呼吸道感染,上呼吸道感染用什么药?,上呼道感染怎么治疗,1
上呼吸道感染,上呼吸道感染用什么药?,上呼道感染的症状是什么,0
上呼吸道感染,上呼吸道感染用什么药?,上呼道感染的起因是什么,0
上呼吸道感染,上呼吸道感染用什么药?,怎样判断是上呼道感染,0
上呼吸道感染,上呼吸道感染怎么办,上呼吸道感染有什么好办法,1
上呼吸道感染,上呼吸道感染怎么办,上呼道感染需要治疗吗,1
上呼吸道感染,上呼吸道感染怎么办,上呼道感染的症状起因是什么,0
上呼吸道感染,上呼吸道感染怎么办,怎么缓解上呼道感染,0
上呼吸道感染,上呼吸道感染怎么办,如何预防上呼道感染,0
上呼吸道感染,小孩上呼吸道感染反复发烧怎么办,小孩上呼道感染该怎么治疗,1
上呼吸道感染,小孩上呼吸道感染反复发烧怎么办,小孩上呼道感染是什么原因引起的,1
上呼吸道感染,小孩上呼吸道感染反复发烧怎么办,小孩上呼道感染可以引起反复发烧吗,0
上呼吸道感染,小孩上呼吸道感染反复发烧怎么办,小孩上呼道感染是病毒性的吗,0
上呼吸道感染,小孩上呼吸道感染反复发烧怎么办,小孩上呼道感染要高烧几天,0
上呼吸道感染,小孩上呼吸道感染反复发烧怎么办,小孩上呼吸道感染反复发烧怎么处理,1
上呼吸道感染,小孩上呼吸道感染反复发烧怎么办,小孩上呼吸道感染反复发烧需要怎么治疗,1
上呼吸道感染,小孩上呼吸道感染反复发烧怎么办,小孩上呼吸道感染持续发热几天能好,0
上呼吸道感染,小孩上呼吸道感染反复发烧怎么办,小孩反复发热的原因是什么,0
上呼吸道感染,小孩上呼吸道感染反复发烧怎么办,小孩反复发热时可以服用布洛芬吗,0
上呼吸道感染,服用阿莫西林胶囊应注意什么,吃阿莫西林需要注意哪些问题,1
上呼吸道感染,服用阿莫西林胶囊应注意什么,服阿莫西林有什么注意事项,1
上呼吸道感染,服用阿莫西林胶囊应注意什么,阿莫西林的效果如何,0
上呼吸道感染,服用阿莫西林胶囊应注意什么,服阿莫西林能喝酒吗,0
上呼吸道感染,服用阿莫西林胶囊应注意什么,阿莫西林的保质期是多久,0
上呼吸道感染,小孩上呼吸道感染咳嗽吃什么药,小孩上呼道感染能吃什么药,1
上呼吸道感染,小孩上呼吸道感染咳嗽吃什么药,小孩上呼道感染需要吃什么药,1
上呼吸道感染,小孩上呼吸道感染咳嗽吃什么药,小孩上呼道感染能引起咳嗽吗,0
上呼吸道感染,小孩上呼吸道感染咳嗽吃什么药,小孩上呼道感染是怎么回事,0
上呼吸道感染,小孩上呼吸道感染咳嗽吃什么药,小孩咳嗽怎么回事,0
上呼吸道感染,小孩上呼吸道感染吃什么药,小孩上呼道感染需要怎么办,1
上呼吸道感染,小孩上呼吸道感染吃什么药,小孩上呼道感染怎样治疗,1
上呼吸道感染,小孩上呼吸道感染吃什么药,小孩上呼道感染是抵抗力差吗,0
上呼吸道感染,小孩上呼吸道感染吃什么药,小孩上呼道感染能引起肺炎吗,0
上呼吸道感染,小孩上呼吸道感染吃什么药,小孩呼吸道感染不咳嗽好不好,0
上呼吸道感染,小孩上呼吸道感染吃什么药,小孩上呼道感染可以吃什么药,1
上呼吸道感染,小孩上呼吸道感染吃什么药,小孩上呼吸道感染可以用什么药治疗,1
上呼吸道感染,小孩上呼吸道感染吃什么药,小孩急性上呼道感染吃什么药,0
上呼吸道感染,小孩上呼吸道感染吃什么药,小孩反复上呼道感染的危害是什么,0
上呼吸道感染,小孩上呼吸道感染吃什么药,小孩上呼道感染可以引起咳嗽吗,0
上呼吸道感染,上呼吸道感染用什么药好,上呼道感染服什么药效果好,1
上呼吸道感染,上呼吸道感染用什么药好,上呼道感染吃什么药,1
上呼吸道感染,上呼吸道感染用什么药好,上呼道感染有什么症状,0
上呼吸道感染,上呼吸道感染用什么药好,上呼道感染雾化可以吗,0
上呼吸道感染,上呼吸道感染用什么药好,上呼道感染能引起鼻窦炎吗,0
上呼吸道感染,上呼吸道感染是什么原因导致的,上呼道感染是什么原因引起的,1
上呼吸道感染,上呼吸道感染是什么原因导致的,上呼道感染的主要诱因是什么,1
上呼吸道感染,上呼吸道感染是什么原因导致的,上呼道感染可以受凉吗,0
上呼吸道感染,上呼吸道感染是什么原因导致的,上呼道感染能引起中耳炎吗,0
上呼吸道感染,上呼吸道感染是什么原因导致的,上呼道感染常见的细菌是什么,0
上呼吸道感染,孕妇上呼吸道感染吃什么药?,孕妇上呼道感染怎样治疗,1
上呼吸道感染,孕妇上呼吸道感染吃什么药?,孕妇上呼道感染能吃什么药,1
上呼吸道感染,孕妇上呼吸道感染吃什么药?,孕妇上呼道感染是什么引起的,0
上呼吸道感染,孕妇上呼吸道感染吃什么药?,受凉会引起孕妇上呼道感染吗,0
上呼吸道感染,孕妇上呼吸道感染吃什么药?,孕妇上呼道感染能引起腹泻吗,0
上呼吸道感染,孩子上呼吸道感染引起反复发烧是原因,什么原因引起孩子上呼道感染反复发烧,1
上呼吸道感染,孩子上呼吸道感染引起反复发烧是原因,引起孩子上呼道感染反复发烧的诱因是什么,1
上呼吸道感染,孩子上呼吸道感染引起反复发烧是原因,孩子上呼道感染反复发烧吃什么药,0
上呼吸道感染,孩子上呼吸道感染引起反复发烧是原因,孩子上呼道感染反复发烧是肺炎吗,0
上呼吸道感染,孩子上呼吸道感染引起反复发烧是原因,孩子发烧需要打点滴吗,0
上呼吸道感染,儿童上呼吸道感染吃什么药,哪些药治疗儿童上呼吸道感染,1
上呼吸道感染,儿童上呼吸道感染吃什么药,儿童上呼道感染需要吃什么药,1
上呼吸道感染,儿童上呼吸道感染吃什么药,儿童上呼道感染的症状是什么,0
上呼吸道感染,儿童上呼吸道感染吃什么药,儿童上呼道感染分几种,0
上呼吸道感染,儿童上呼吸道感染吃什么药,儿童上呼道感染能引起咳嗽吗,0
上呼吸道感染,上呼吸道感染应该吃什么药,上呼道感染能吃什么药,1
上呼吸道感染,上呼吸道感染应该吃什么药,上呼吸道感染需要吃什么药,1
上呼吸道感染,上呼吸道感染应该吃什么药,上呼道感染不能吃什么药,0
上呼吸道感染,上呼吸道感染应该吃什么药,感冒能引起上呼道感染吗,0
上呼吸道感染,上呼吸道感染应该吃什么药,上呼道感染引起咳嗽怎么办,0
上呼吸道感染,孩子上呼吸道感染引起反复发烧是什么原因,孩子上呼道感染引起发烧的诱因是什么,1
上呼吸道感染,孩子上呼吸道感染引起反复发烧是什么原因,孩子上呼吸道感染引起反复发烧是什么引起的,1
上呼吸道感染,孩子上呼吸道感染引起反复发烧是什么原因,孩子先咳嗽后发烧是肺炎吗,0
上呼吸道感染,孩子上呼吸道感染引起反复发烧是什么原因,孩子上呼吸道感染怎么办,0
上呼吸道感染,孩子上呼吸道感染引起反复发烧是什么原因,孩子上呼吸道感染能引起什么不适,0
上呼吸道感染,孩子上呼吸道感染吃什么药?,孩子上呼吸道感染可以吃那种药,1
上呼吸道感染,孩子上呼吸道感染吃什么药?,孩子上呼吸道感染用什么药管用,1
上呼吸道感染,孩子上呼吸道感染吃什么药?,孩子发热吃什么药最有效,0
上呼吸道感染,孩子上呼吸道感染吃什么药?,孩子上呼吸道感染挂什么科室,0
上呼吸道感染,孩子上呼吸道感染吃什么药?,上呼吸道感染吃罗红霉素有效果吗,0
上呼吸道感染,阿莫西林胶囊是抗生素吗,阿莫西林胶囊是不是抗生素,1
上呼吸道感染,阿莫西林胶囊是抗生素吗,阿莫西林胶囊属于抗生素吗,1
上呼吸道感染,阿莫西林胶囊是抗生素吗,阿莫西林胶囊是消炎药吗,0
上呼吸道感染,阿莫西林胶囊是抗生素吗,阿莫西林胶囊的禁忌是什么,0
上呼吸道感染,阿莫西林胶囊是抗生素吗,阿莫西林胶囊是非处方药吗,0
上呼吸道感染,上呼吸道感染吃什么消炎药,上呼吸道感染应该吃什么药,1
上呼吸道感染,上呼吸道感染吃什么消炎药,上呼吸道感染服用什么消炎药效果好,1
上呼吸道感染,上呼吸道感染吃什么消炎药,上呼吸道感染不能吃什么药,0
上呼吸道感染,上呼吸道感染吃什么消炎药,上呼吸道感染需要吃多久的药,0
上呼吸道感染,上呼吸道感染吃什么消炎药,怎样确诊是不是上呼道感染,0
上呼吸道感染,修正阿莫西林胶囊多少钱一盒？,修正阿莫西林胶囊的价格是多少,1
上呼吸道感染,修正阿莫西林胶囊多少钱一盒？,修正阿莫西林胶囊怎么卖,1
上呼吸道感染,修正阿莫西林胶囊多少钱一盒？,修正阿莫西林胶囊的作用是什么,0
上呼吸道感染,修正阿莫西林胶囊多少钱一盒？,修正阿莫西林胶囊用量是多少,0
上呼吸道感染,修正阿莫西林胶囊多少钱一盒？,儿童可以吃修正阿莫西林胶囊,0
上呼吸道感染,埋线手术做完后脸上感觉有东西正常吗？,埋线手术做完后脸上感觉有东西需要处理吗,1
上呼吸道感染,埋线手术做完后脸上感觉有东西正常吗？,埋线手术做完后脸上会不会有不适的感觉,1
上呼吸道感染,埋线手术做完后脸上感觉有东西正常吗？,埋线手术做完后为什么要往上看,0
上呼吸道感染,埋线手术做完后脸上感觉有东西正常吗？,埋线手术做完后什么时候拆线,0
上呼吸道感染,埋线手术做完后脸上感觉有东西正常吗？,埋线手术后怎么护理,0
上呼吸道感染,上呼吸道感染引起感冒嗓子发炎有痰怎么办,上呼吸道感染引起感冒嗓子发炎有痰怎样治疗,1
上呼吸道感染,上呼吸道感染引起感冒嗓子发炎有痰怎么办,上呼吸道感染引起感冒嗓子发炎有痰有效的办法是什么,1
上呼吸道感染,上呼吸道感染引起感冒嗓子发炎有痰怎么办,感冒能引起嗓子发炎吗,0
上呼吸道感染,上呼吸道感染引起感冒嗓子发炎有痰怎么办,嗓子有痰是上呼道感染引起的吗,0
上呼吸道感染,上呼吸道感染引起感冒嗓子发炎有痰怎么办,上呼吸道感染能不能吃阿莫西林,0
上呼吸道感染,阿莫西林胶囊过敏身上起红点吗,阿莫西林胶囊过敏的症状是什么,1
上呼吸道感染,阿莫西林胶囊过敏身上起红点吗,阿莫西林胶囊过敏的反应是什么,1
上呼吸道感染,阿莫西林胶囊过敏身上起红点吗,吃阿莫西林能喝酒吗,0
上呼吸道感染,阿莫西林胶囊过敏身上起红点吗,身上起红点怎么回事,0
上呼吸道感染,阿莫西林胶囊过敏身上起红点吗,过敏吃什么药,0
上呼吸道感染,请问上呼吸道消炎药有哪些？,请问上呼吸道消炎药有几种,1
上呼吸道感染,请问上呼吸道消炎药有哪些？,请问上呼吸道消炎药有多少,1
上呼吸道感染,请问上呼吸道消炎药有哪些？,消炎药有副作用吗,0
上呼吸道感染,请问上呼吸道消炎药有哪些？,吃消炎药能降低抵抗力吗,0
上呼吸道感染,请问上呼吸道消炎药有哪些？,阿莫西林是消炎药吗,0
上呼吸道感染,早上感觉上呼吸道有异味吗,早上感觉上呼吸道有没有异味,1
上呼吸道感染,早上感觉上呼吸道有异味吗,早上感觉上呼吸道有异味是什么原因,1
上呼吸道感染,早上感觉上呼吸道有异味吗,早上感觉呼吸道和分部发热怎么回事,0
上呼吸道感染,早上感觉上呼吸道有异味吗,感觉上呼吸道有痰怎么回事,0
上呼吸道感染,早上感觉上呼吸道有异味吗,上呼道感染和下呼吸道感染的区别是什么,0
上呼吸道感染,可以饭后吃克拉霉素缓释片吗,什么时候吃克拉霉素缓释片好,1
上呼吸道感染,可以饭后吃克拉霉素缓释片吗,克拉霉素缓释片能不能饭后吃,1
上呼吸道感染,可以饭后吃克拉霉素缓释片吗,克拉霉素缓释片可以长期吃吗,0
上呼吸道感染,可以饭后吃克拉霉素缓释片吗,吃克拉霉素缓释片能不能喝酒,0
上呼吸道感染,可以饭后吃克拉霉素缓释片吗,克拉霉素缓释片可用于治疗痘痘吗,0
上呼吸道感染,上呼吸道感染化验血能查出传染病吗,上呼吸道感染化验血能查出什么病,1
上呼吸道感染,上呼吸道感染化验血能查出传染病吗,上呼吸道感染能验血吗,1
上呼吸道感染,上呼吸道感染化验血能查出传染病吗,上呼吸道感染的检查项目有哪些,0
上呼吸道感染,上呼吸道感染化验血能查出传染病吗,病毒性上呼吸道感染传染吗,0
上呼吸道感染,上呼吸道感染化验血能查出传染病吗,有传染病医生会告知吗,0
上呼吸道感染,上呼吸道感染是什么疾病？,什么是上呼吸道感染,1
上呼吸道感染,上呼吸道感染是什么疾病？,上呼道感染是一种什么病,1
上呼吸道感染,上呼吸道感染是什么疾病？,上呼吸道感染是怎么引起的,0
上呼吸道感染,上呼吸道感染是什么疾病？,上呼吸道感染喝什么,0
上呼吸道感染,上呼吸道感染是什么疾病？,为什么会上呼道感染,0
上呼吸道感染,请问屁股皮肤痒可以吃克拉霉素分散片吗？,克拉霉素分散片治疗屁股皮肤痒吗,1
上呼吸道感染,请问屁股皮肤痒可以吃克拉霉素分散片吗？,屁股皮肤痒能吃克拉霉素分散片吗,1
上呼吸道感染,请问屁股皮肤痒可以吃克拉霉素分散片吗？,过敏能吃克拉霉素分散片吗,0
上呼吸道感染,请问屁股皮肤痒可以吃克拉霉素分散片吗？,克拉霉素分散片对人体有什么副作用,0
上呼吸道感染,请问屁股皮肤痒可以吃克拉霉素分散片吗？,克拉霉素分散片是几级抗生素,0
上呼吸道感染,嗓子疼吃阿莫西林胶囊可以吃驴肉吗？,吃了驴肉能吃阿莫西林胶囊吗,1
上呼吸道感染,嗓子疼吃阿莫西林胶囊可以吃驴肉吗？,嗓子疼可以阿莫西林胶囊和驴肉一起吃吗,1
上呼吸道感染,嗓子疼吃阿莫西林胶囊可以吃驴肉吗？,嗓子疼吃几粒阿莫西林胶囊,0
上呼吸道感染,嗓子疼吃阿莫西林胶囊可以吃驴肉吗？,支气管炎可以吃驴肉吗,0
上呼吸道感染,嗓子疼吃阿莫西林胶囊可以吃驴肉吗？,阿莫西林胶囊和阿莫西林分散片一样吗,0
上呼吸道感染,什么是小儿上呼吸道感染,小儿上呼道感染症状是什么,1
上呼吸道感染,什么是小儿上呼吸道感染,小儿上呼道感染是指什么,1
上呼吸道感染,什么是小儿上呼吸道感染,小儿上呼道感染用什么药,0
上呼吸道感染,什么是小儿上呼吸道感染,小儿上呼道感染护理是什么,0
上呼吸道感染,什么是小儿上呼吸道感染,小儿上呼吸道感染会交叉感染吗,0
上呼吸道感染,中耳炎能使上呼吸道感染吗,上呼道感染和中耳炎有关系吗,1
上呼吸道感染,中耳炎能使上呼吸道感染吗,中耳炎能引起上呼吸道感染吗,1
上呼吸道感染,中耳炎能使上呼吸道感染吗,中耳炎是怎么引起的,0
上呼吸道感染,中耳炎能使上呼吸道感染吗,中耳炎能马上停药吗,0
上呼吸道感染,中耳炎能使上呼吸道感染吗,中耳炎能根治吗,0
上呼吸道感染,临床上感冒可以分为哪些类型如何鉴别区分？,如何鉴别临床上的感冒有哪些类型？,1
上呼吸道感染,临床上感冒可以分为哪些类型如何鉴别区分？,临床上的感冒怎样鉴别可以分为哪些类型？,1
上呼吸道感染,临床上感冒可以分为哪些类型如何鉴别区分？,临床上感冒可以分为哪些类型如何预防？,0
上呼吸道感染,临床上感冒可以分为哪些类型如何鉴别区分？,临床上感冒可以分为哪些类型有哪些症状？,0
上呼吸道感染,临床上感冒可以分为哪些类型如何鉴别区分？,临床上感冒可以分为哪些类型怎么治疗？,0
上呼吸道感染,孩子上呼吸道感染引起中耳炎怎么治疗？,怎么治疗孩子因为上呼吸道感染而引起的耳炎？,1
上呼吸道感染,孩子上呼吸道感染引起中耳炎怎么治疗？,孩子因为上呼吸道感染而引起的耳炎如何治疗？,1
上呼吸道感染,孩子上呼吸道感染引起中耳炎怎么治疗？,孩子上呼吸道感染引起中耳炎会自己痊愈吗？,0
上呼吸道感染,孩子上呼吸道感染引起中耳炎怎么治疗？,孩子上呼吸道感染引起中耳炎有什么症状？,0
上呼吸道感染,孩子上呼吸道感染引起中耳炎怎么治疗？,孩子上呼吸道感染引起中耳炎严重吗？,0
上呼吸道感染,为什么早上感觉腰酸痛，没有力气？,为什么早上感觉腰酸痛，全身乏力？,1
上呼吸道感染,为什么早上感觉腰酸痛，没有力气？,为什么早上感觉没有力气腰也酸痛？,1
上呼吸道感染,为什么早上感觉腰酸痛，没有力气？,为什么早上感觉腰酸痛，没有食欲？,0
上呼吸道感染,为什么早上感觉腰酸痛，没有力气？,为什么早上感觉腰酸痛，没有精神？,0
上呼吸道感染,为什么早上感觉腰酸痛，没有力气？,为什么早上感觉腰酸痛，直不起身？,0
上呼吸道感染,开空调容易造成上呼吸道感染吗？,开空调会使上呼吸道感染吗？,1
上呼吸道感染,开空调容易造成上呼吸道感染吗？,开空调时上呼吸道容易感染吗？,1
上呼吸道感染,开空调容易造成上呼吸道感染吗？,开空调为什么会造成上呼吸道感染？,0
上呼吸道感染,开空调容易造成上呼吸道感染吗？,开空调对人的呼吸道有什么影响？,0
上呼吸道感染,开空调容易造成上呼吸道感染吗？,开空调如何预防上呼吸道感染？,0
上呼吸道感染,嗓子发炎了可以服用阿莫西林胶囊吗？,嗓子发炎服用阿莫西林胶囊可以吗？,1
上呼吸道感染,嗓子发炎了可以服用阿莫西林胶囊吗？,可以在嗓子发炎的时候服用阿莫西林胶囊吗？,1
上呼吸道感染,嗓子发炎了可以服用阿莫西林胶囊吗？,嗓子发炎了不能服用阿莫西林胶囊吗？,0
上呼吸道感染,嗓子发炎了可以服用阿莫西林胶囊吗？,嗓子发炎了可以服用贝诺脂片吗？,0
上呼吸道感染,嗓子发炎了可以服用阿莫西林胶囊吗？,嗓子没发炎可以用阿莫西林胶囊吗？,0
上呼吸道感染,如何预防小儿上呼吸道感染？,小儿上呼吸道感染如何预防？,1
上呼吸道感染,如何预防小儿上呼吸道感染？,上呼吸道感染小儿如恶化预防？,1
上呼吸道感染,如何预防小儿上呼吸道感染？,小儿上呼吸道感染会留下后遗症吗？,0
上呼吸道感染,如何预防小儿上呼吸道感染？,小儿上呼吸道感染的病因是什么？,0
上呼吸道感染,如何预防小儿上呼吸道感染？,小儿上呼吸道感染吃药没有效果怎么办？,0
上呼吸道感染,小儿上呼吸道感染可以预防吗？,可以预防小儿上呼吸道感染吗?,1
上呼吸道感染,小儿上呼吸道感染可以预防吗？,小儿可以预防上呼吸道感染吗？,1
上呼吸道感染,小儿上呼吸道感染可以预防吗？,小儿上呼吸道感染可以用哪些药？,0
上呼吸道感染,小儿上呼吸道感染可以预防吗？,小儿上呼吸道感染吃药没有效果怎么办？,0
上呼吸道感染,小儿上呼吸道感染可以预防吗？,小儿上呼吸道感染的病因是什么？,0
上呼吸道感染,小儿上呼吸道感染的病因是什么？,是什么原因导致小儿上呼吸道感染的？,1
上呼吸道感染,小儿上呼吸道感染的病因是什么？,导致小儿上呼吸道感染的原因是什么？,1
上呼吸道感染,小儿上呼吸道感染的病因是什么？,小儿上呼吸道感染怎么应对？,0
上呼吸道感染,小儿上呼吸道感染的病因是什么？,小儿上呼吸道感染如何预防？,0
上呼吸道感染,小儿上呼吸道感染的病因是什么？,小儿上呼吸道感染可以用哪些药？,0
上呼吸道感染,儿童反复上呼吸道感染怎么办？,儿童上呼吸道反复感染怎么办？,1
上呼吸道感染,儿童反复上呼吸道感染怎么办？,儿童反复感染上呼吸道怎么办？,1
上呼吸道感染,儿童反复上呼吸道感染怎么办？,儿童反复上呼吸道感染是什么原因？,0
上呼吸道感染,儿童反复上呼吸道感染怎么办？,儿童上呼吸道感染主要症状有哪些？,0
上呼吸道感染,儿童反复上呼吸道感染怎么办？,儿童上呼吸道感染如何预防？,0
上呼吸道感染,你好，嗓子疼吃克拉霉素分散片可以吗？,你好，嗓子疼可以吃克拉霉素分散片吗？,1
上呼吸道感染,你好，嗓子疼吃克拉霉素分散片可以吗？,你好，克拉霉素片嗓子疼可以吃吗？,1
上呼吸道感染,你好，嗓子疼吃克拉霉素分散片可以吗？,你好，嗓子疼吃克拉霉素分散片有副作用吗？,0
上呼吸道感染,你好，嗓子疼吃克拉霉素分散片可以吗？,你好，嗓子疼吃克拉霉素分散片一次多少合适？,0
上呼吸道感染,你好，嗓子疼吃克拉霉素分散片可以吗？,你好，嗓子疼吃阿莫西林胶囊合适吗？,0
上呼吸道感染,阴囊发凉有潮湿现象晚上感觉明显怎么办？,晚上明显感觉阴囊有潮湿现象并且发凉怎么办？,1
上呼吸道感染,阴囊发凉有潮湿现象晚上感觉明显怎么办？,阴囊有潮湿现象并发凉晚上感觉明显怎么办？,1
上呼吸道感染,阴囊发凉有潮湿现象晚上感觉明显怎么办？,阴囊发凉有潮湿现象晚上感觉明显是什么原因？,0
上呼吸道感染,阴囊发凉有潮湿现象晚上感觉明显怎么办？,阴囊发凉有潮湿现象晚上感觉明显该吃哪种药？,0
上呼吸道感染,阴囊发凉有潮湿现象晚上感觉明显怎么办？,阴囊发凉有潮湿现象晚上感觉明显是正常的吗？,0
上呼吸道感染,青霉素过敏能不能吃阿莫西林胶囊？,青霉素过敏能吃阿莫西林胶囊吗？,1
上呼吸道感染,青霉素过敏能不能吃阿莫西林胶囊？,青霉素过敏可不可以吃阿莫西林胶囊？,1
上呼吸道感染,青霉素过敏能不能吃阿莫西林胶囊？,青霉素过敏吃阿莫西林胶囊有效果吗？,0
上呼吸道感染,青霉素过敏能不能吃阿莫西林胶囊？,青霉素过敏吃阿莫西林胶囊有副作用吗？,0
上呼吸道感染,青霉素过敏能不能吃阿莫西林胶囊？,青霉素过敏能吃克拉霉素分散片吗？,0
上呼吸道感染,春季宝宝如何预防上呼吸道感染？,春季如何预防宝宝上呼吸道感染？,1
上呼吸道感染,春季宝宝如何预防上呼吸道感染？,春季上呼吸道感染宝宝如何预防？,1
上呼吸道感染,春季宝宝如何预防上呼吸道感染？,春季宝宝上呼吸道感染了怎么办？,0
上呼吸道感染,春季宝宝如何预防上呼吸道感染？,春季宝宝上呼吸道感染了可以吃哪些药？,0
上呼吸道感染,春季宝宝如何预防上呼吸道感染？,春季宝宝容易造成上呼吸道感染吗？,0
上呼吸道感染,为什么使用双黄连注射液应做皮试？,使用双黄连注射液为什么要做皮试？,1
上呼吸道感染,为什么使用双黄连注射液应做皮试？,双黄连注射液使用为什么要做皮试？,1
上呼吸道感染,为什么使用双黄连注射液应做皮试？,使用双黄连注射液前注射皮试有副作用吗？,0
上呼吸道感染,为什么使用双黄连注射液应做皮试？,可以在使用双黄连注射液前不注射皮试吗？,0
上呼吸道感染,为什么使用双黄连注射液应做皮试？,使用双黄连注射液前注射皮试有什么用吗？,0
上呼吸道感染,小儿上呼吸道感染可以用哪些消炎药？,上呼吸道感染小儿可以用哪些消炎药？,1
上呼吸道感染,小儿上呼吸道感染可以用哪些消炎药？,小儿上呼吸道感染消炎药可以用哪些？,1
上呼吸道感染,小儿上呼吸道感染可以用哪些消炎药？,小儿上呼吸道感染怎么办？,0
上呼吸道感染,小儿上呼吸道感染可以用哪些消炎药？,小儿上呼吸道感染有哪些症状？,0
上呼吸道感染,小儿上呼吸道感染可以用哪些消炎药？,小儿上呼吸道感染可以预防吗？,0
上呼吸道感染,上呼吸道感染头痛怎样鉴别？,头痛与上呼吸道感染怎么鉴别？,1
上呼吸道感染,上呼吸道感染头痛怎样鉴别？,怎样鉴别上呼吸道感染与头痛？,1
上呼吸道感染,上呼吸道感染头痛怎样鉴别？,上呼吸道感染吃什么药?,0
上呼吸道感染,上呼吸道感染头痛怎样鉴别？,上呼吸道感染咳嗽如何治疗?,0
上呼吸道感染,上呼吸道感染头痛怎样鉴别？,上呼吸道感染症状严重吗?,0
上呼吸道感染,孕妇可以吃阿莫西林胶囊吗？是医院医生开的,医生开的阿莫西林胶囊孕妇可以吃吗？,1
上呼吸道感染,孕妇可以吃阿莫西林胶囊吗？是医院医生开的,医生为孕妇开的阿莫西林胶囊可以吃吗？,1
上呼吸道感染,孕妇可以吃阿莫西林胶囊吗？是医院医生开的,医生为孕妇开的消炎药可以吃吗？,0
上呼吸道感染,孕妇可以吃阿莫西林胶囊吗？是医院医生开的,孕妇可以吃克拉霉素缓释片吗？是医院医生开的,0
上呼吸道感染,孕妇可以吃阿莫西林胶囊吗？是医院医生开的,孕妇可以吃贝诺脂片吗？是医院医生开的,0
上呼吸道感染,上呼吸道感染 一到下午头痛加重怎么办？,头痛并且上呼吸道感染，下午头痛加重怎么办？,1
上呼吸道感染,上呼吸道感染 一到下午头痛加重怎么办？,下午头痛加重并且一直上呼吸道感染怎么办？,1
上呼吸道感染,上呼吸道感染 一到下午头痛加重怎么办？,上呼吸道感染一到下午头痛加重可以用哪些药？,0
上呼吸道感染,上呼吸道感染 一到下午头痛加重怎么办？,上呼吸道感染一到下午头痛加重是什么原因？,0
上呼吸道感染,上呼吸道感染 一到下午头痛加重怎么办？,上呼吸道感染 一到下午头痛加重要加大药量吗？,0
上呼吸道感染,克拉霉素缓释片餐中服用是什么意思？,餐中服用克拉霉素缓释片是什么意思？,1
上呼吸道感染,克拉霉素缓释片餐中服用是什么意思？,为什么克拉霉素片要餐中服用？,1
上呼吸道感染,克拉霉素缓释片餐中服用是什么意思？,餐后服用克拉霉素分散片有影响吗？,0
上呼吸道感染,克拉霉素缓释片餐中服用是什么意思？,餐前服用克拉霉素分散片有什么影响吗？,0
上呼吸道感染,克拉霉素缓释片餐中服用是什么意思？,服用克拉霉素片对用餐前后有什么影响？,0
上呼吸道感染,肩膀上感觉有个疙瘩，好像在肉里怎么办？,肩膀上的肉里好像有一个疙瘩怎么办？,1
上呼吸道感染,肩膀上感觉有个疙瘩，好像在肉里怎么办？,有一个疙瘩在肩膀上的肉里怎么办？,1
上呼吸道感染,肩膀上感觉有个疙瘩，好像在肉里怎么办？,肩膀上感觉有个疙瘩，好像在肉里是一种病吗？,0
上呼吸道感染,肩膀上感觉有个疙瘩，好像在肉里怎么办？,肩膀上感觉有个疙瘩，好像在肉里没事吧？,0
上呼吸道感染,肩膀上感觉有个疙瘩，好像在肉里怎么办？,肩膀上感觉有个疙瘩，好像在肉里不会有事吗？,0
上呼吸道感染,哮喘是上呼吸道感染吗？,上呼吸道感染是哮喘吗？,1
上呼吸道感染,哮喘是上呼吸道感染吗？,哮喘和上呼吸道感染一样吗？,1
上呼吸道感染,哮喘是上呼吸道感染吗？,哮喘与上呼吸道感染可以用什么药治疗？,0
上呼吸道感染,哮喘是上呼吸道感染吗？,哮喘与上呼吸道感染有什么关系？,0
上呼吸道感染,哮喘是上呼吸道感染吗？,哮喘与上呼吸道感染会有后遗症吗？,0
上呼吸道感染,晚上感觉耳朵疼，嗡嗡作响怎么回事？,晚上感觉耳朵嗡嗡作响还疼是怎么回事？,1
上呼吸道感染,晚上感觉耳朵疼，嗡嗡作响怎么回事？,耳朵嗡嗡作响还很疼在晚上的时候是怎么回事？,1
上呼吸道感染,晚上感觉耳朵疼，嗡嗡作响怎么回事？,晚上感觉耳朵疼，嗡嗡作响是有疾病吗？,0
上呼吸道感染,晚上感觉耳朵疼，嗡嗡作响怎么回事？,晚上感觉耳朵疼，嗡嗡作响正常吗？,0
上呼吸道感染,晚上感觉耳朵疼，嗡嗡作响怎么回事？,晚上感觉耳朵疼，嗡嗡作响吃什么药有用？,0
上呼吸道感染,昨天晚上清理肚脐眼早上感觉头晕恶心怎么回事？,早上起床头晕恶心是因为昨天晚上清理肚脐眼的原因吗？,1
上呼吸道感染,昨天晚上清理肚脐眼早上感觉头晕恶心怎么回事？,早上起床头晕恶心和昨天晚上清理肚脐眼有关吗？,1
上呼吸道感染,昨天晚上清理肚脐眼早上感觉头晕恶心怎么回事？,昨天晚上清理肚脐眼早上感觉头晕恶心怎么办？,0
上呼吸道感染,昨天晚上清理肚脐眼早上感觉头晕恶心怎么回事？,昨天晚上清理肚脐眼早上感觉头晕恶心正常吗？,0
上呼吸道感染,昨天晚上清理肚脐眼早上感觉头晕恶心怎么回事？,清理肚脐眼就会马上导致头晕恶心吗？,0
上呼吸道感染,含姜片能治咽炎和上呼吸道感染吗？,上呼吸道感染和咽炎含姜片能治疗吗？,1
上呼吸道感染,含姜片能治咽炎和上呼吸道感染吗？,咽炎和上呼吸道感染能通过含姜片治疗吗？,1
上呼吸道感染,含姜片能治咽炎和上呼吸道感染吗？,含姜片治疗咽炎和上呼吸道感染的原理是什么？,0
上呼吸道感染,含姜片能治咽炎和上呼吸道感染吗？,含姜片治疗咽炎和上呼吸道感染用什么替代？,0
上呼吸道感染,含姜片能治咽炎和上呼吸道感染吗？,含姜片治疗咽炎和上呼吸道感染有副作用吗？,0
上呼吸道感染,上呼吸道感染会引起荨麻疹吗？,荨麻疹可能会是由上呼吸道感染引起的吗？,1
上呼吸道感染,上呼吸道感染会引起荨麻疹吗？,如果上呼吸道感染了就可能引起荨麻疹吗？,1
上呼吸道感染,上呼吸道感染会引起荨麻疹吗？,上呼吸道感染与荨麻疹的区别是什么？,0
上呼吸道感染,上呼吸道感染会引起荨麻疹吗？,上呼吸道感染与荨麻疹哪一个更严重？,0
上呼吸道感染,上呼吸道感染会引起荨麻疹吗？,上呼吸道感染与荨麻疹治疗方式相同吗？,0
上呼吸道感染,支气管炎属于上呼吸道感染吗？,上呼吸道感染包含支气管炎吗？,1
上呼吸道感染,支气管炎属于上呼吸道感染吗？,支气管炎是上呼吸道感染吗？,1
上呼吸道感染,支气管炎属于上呼吸道感染吗？,支气管炎与上呼吸道感染的区别是什么？,0
上呼吸道感染,支气管炎属于上呼吸道感染吗？,支气管炎与上呼吸道感染的原因有哪些？,0
上呼吸道感染,支气管炎属于上呼吸道感染吗？,支气管炎就是上呼吸道感染吗？,0
上呼吸道感染,婴幼儿上呼吸道感染吃什么药？,上呼吸道感染的婴幼儿吃什么药？,1
上呼吸道感染,婴幼儿上呼吸道感染吃什么药？,婴幼儿的上呼吸道感染了该吃什么药？,1
上呼吸道感染,婴幼儿上呼吸道感染吃什么药？,婴幼儿上呼吸道感染可以预防吗？,0
上呼吸道感染,婴幼儿上呼吸道感染吃什么药？,婴幼儿上呼吸道感染的病因是什么？,0
上呼吸道感染,婴幼儿上呼吸道感染吃什么药？,婴幼儿上呼吸道感染会留下后遗症吗？,0
上呼吸道感染,宫颈肥大腥臭味怎么办？,宫颈有腥臭味并且肥大怎么办？,1
上呼吸道感染,宫颈肥大腥臭味怎么办？,肥大的宫颈有腥臭味怎么办？,1
上呼吸道感染,宫颈肥大腥臭味怎么办？,引产后来月经血崩是正常的吗？,0
上呼吸道感染,宫颈肥大腥臭味怎么办？,引产后来月经为什么会血崩？,0
上呼吸道感染,宫颈肥大腥臭味怎么办？,引产后来月经血崩对身体有哪些伤害？,0
上呼吸道感染,产后三十五天小腹坠痛是什么原因造成？,小腹坠痛在产后第三十五天是什么原因？,1
上呼吸道感染,产后三十五天小腹坠痛是什么原因造成？,是什么原因导致在产后第三十五天小腹坠痛？,1
上呼吸道感染,产后三十五天小腹坠痛是什么原因造成？,产后三十五天小腹坠痛是后遗症吗？,0
上呼吸道感染,产后三十五天小腹坠痛是什么原因造成？,产后三十五天小腹坠痛该怎么办？,0
上呼吸道感染,产后三十五天小腹坠痛是什么原因造成？,产后三十五天小腹坠痛该吃药吗？,0
上呼吸道感染,焦虑导致肠痉挛怎么治疗？,由焦虑导致的肠痉挛怎么治疗？,1
上呼吸道感染,焦虑导致肠痉挛怎么治疗？,怎么治疗由焦虑导致的肠痉挛？,1
上呼吸道感染,焦虑导致肠痉挛怎么治疗？,焦虑导致肠痉挛怎么办？,0
上呼吸道感染,焦虑导致肠痉挛怎么治疗？,焦虑导致肠痉挛吃药有用吗？,0
上呼吸道感染,焦虑导致肠痉挛怎么治疗？,焦虑导致肠痉挛治的好吗？,0
上呼吸道感染,上呼吸道感染症状严重吗?,上呼吸道感染症状明显吗？,1
上呼吸道感染,上呼吸道感染症状严重吗?,严重吗？上呼吸道的感染症状。,1
上呼吸道感染,上呼吸道感染症状严重吗?,上呼吸道感染引起的小儿咳嗽怎么治疗？,0
上呼吸道感染,上呼吸道感染症状严重吗?,上呼吸道感染吃什么药?,0
上呼吸道感染,上呼吸道感染症状严重吗?,上呼吸道感染咳嗽如何治疗?,0
上呼吸道感染,上呼吸道感染引起的小儿咳嗽怎么治疗？,小儿的上呼吸道感染引起的咳嗽怎么治疗？,1
上呼吸道感染,上呼吸道感染引起的小儿咳嗽怎么治疗？,因上呼吸道感染而引起的咳嗽怎么治疗？,1
上呼吸道感染,上呼吸道感染引起的小儿咳嗽怎么治疗？,小儿上呼吸道感染的病因是什么？,0
上呼吸道感染,上呼吸道感染引起的小儿咳嗽怎么治疗？,小儿上呼吸道感染会留下后遗症吗？,0
上呼吸道感染,上呼吸道感染引起的小儿咳嗽怎么治疗？,小儿上呼吸道感染可以用哪些药？,0
上呼吸道感染,上呼吸道感染吃什么药?,上呼吸道感染了可以吃什么药？,1
上呼吸道感染,上呼吸道感染吃什么药?,吃什么药可以治疗上呼吸道感染？,1
上呼吸道感染,上呼吸道感染吃什么药?,上呼吸道感染吃消炎药一般多久痊愈？,0
上呼吸道感染,上呼吸道感染吃什么药?,上呼吸道感染吃消炎药有用吗？,0
上呼吸道感染,上呼吸道感染吃什么药?,上呼吸道感染吃什么消炎药？,0
上呼吸道感染,上呼吸道感染咳嗽如何治疗?,如何治疗因上呼吸道感染引起的咳嗽？,1
上呼吸道感染,上呼吸道感染咳嗽如何治疗?,如何治疗咳嗽？由上呼吸道感染引起的。,1
上呼吸道感染,上呼吸道感染咳嗽如何治疗?,上呼吸道感染咳嗽会留下后遗症吗？,0
上呼吸道感染,上呼吸道感染咳嗽如何治疗?,上呼吸道感染咳嗽可以自己好吗？,0
上呼吸道感染,上呼吸道感染咳嗽如何治疗?,上呼吸道感染咳嗽是什么原因引起的？,0
上呼吸道感染,上呼吸道感染引起肺部感染怎么办啊？,怎么应对因上呼吸道感染引起的肺部感染？,1
上呼吸道感染,上呼吸道感染引起肺部感染怎么办啊？,怎么应对肺部感染？因上呼吸道感染引起的。,1
上呼吸道感染,上呼吸道感染引起肺部感染怎么办啊？,上呼吸道感染引起肺部感染的原因有哪些？,0
上呼吸道感染,上呼吸道感染引起肺部感染怎么办啊？,上呼吸道感染引起肺部感染会自己好吗？,0
上呼吸道感染,上呼吸道感染引起肺部感染怎么办啊？,上呼吸道感染引起肺部感染该如何治疗？,0
上呼吸道感染,药物过敏性休克该怎么治疗？,怎样治疗因对药物过敏而休克的？,1
上呼吸道感染,药物过敏性休克该怎么治疗？,怎样救治因药物过敏性休克的？,1
上呼吸道感染,药物过敏性休克该怎么治疗？,药物过敏性休克有哪些症状？,0
上呼吸道感染,药物过敏性休克该怎么治疗？,药物过敏性休克该怎么办？,0
上呼吸道感染,药物过敏性休克该怎么治疗？,药物过敏性休克如何和预防？,0
上呼吸道感染,克拉霉素缓释片是在中午吃的吗？,克拉霉素缓释片可以在中午吃吗,1
上呼吸道感染,克拉霉素缓释片是在中午吃的吗？,中午可以吃克拉霉素缓释片吗,1
上呼吸道感染,克拉霉素缓释片是在中午吃的吗？,克拉霉素缓释片治疗什么病,0
上呼吸道感染,克拉霉素缓释片是在中午吃的吗？,吃克拉霉素缓释片会过敏吗,0
上呼吸道感染,克拉霉素缓释片是在中午吃的吗？,孕妇可以吃克拉霉素缓释片吗,0
上呼吸道感染,如何预防婴幼儿上呼吸道感染,婴幼儿上呼吸道感染预防措施有哪些,1
上呼吸道感染,如何预防婴幼儿上呼吸道感染,怎样预防婴幼儿上呼吸道感染,1
上呼吸道感染,如何预防婴幼儿上呼吸道感染,上呼吸道感染的易感人群是什么,0
上呼吸道感染,如何预防婴幼儿上呼吸道感染,上呼吸道感染的症状是什么,0
上呼吸道感染,如何预防婴幼儿上呼吸道感染,什么药可以治上呼吸道感染,0
上呼吸道感染,吃了阿莫西林胶囊能喝酒吗,喝酒后可以吃阿莫西林胶囊吗,1
上呼吸道感染,吃了阿莫西林胶囊能喝酒吗,阿莫西林胶囊能与酒精一起服用吗,1
上呼吸道感染,吃了阿莫西林胶囊能喝酒吗,吃了阿莫西林胶囊有什么注意,0
上呼吸道感染,吃了阿莫西林胶囊能喝酒吗,阿莫西林胶囊能治什么病,0
上呼吸道感染,吃了阿莫西林胶囊能喝酒吗,吃阿莫西林胶囊会过敏吗,0
上呼吸道感染,为什么早上起床感觉呼吸困难，胸口闷,早上起床为什么会感觉呼吸困难，胸口闷,1
上呼吸道感染,为什么早上起床感觉呼吸困难，胸口闷,起床感觉呼吸困难，胸口闷是怎么回事,1
上呼吸道感染,为什么早上起床感觉呼吸困难，胸口闷,起床感觉呼吸困难，胸口闷需要输液么,0
上呼吸道感染,为什么早上起床感觉呼吸困难，胸口闷,早上起床感觉呼吸困难，胸口闷做什么检查,0
上呼吸道感染,为什么早上起床感觉呼吸困难，胸口闷,起床感觉呼吸困难，胸口闷是不是肺炎,0
上呼吸道感染,URI-上呼吸道感染如何诊断检查,做什么检查可以诊断URI-上呼吸道感染,1
上呼吸道感染,URI-上呼吸道感染如何诊断检查,怎样检查出URI-上呼吸道感染,1
上呼吸道感染,URI-上呼吸道感染如何诊断检查,URI-上呼吸道感染吃什么药,0
上呼吸道感染,URI-上呼吸道感染如何诊断检查,URI-上呼吸道感染有什么症状,0
上呼吸道感染,URI-上呼吸道感染如何诊断检查,URI-上呼吸道感染是由什么引起,0
上呼吸道感染,感冒后为什么耳朵发烧变红,感冒后为什么会感觉耳朵发烧变红,1
上呼吸道感染,感冒后为什么耳朵发烧变红,为什么感冒后耳朵会发烧变红,1
上呼吸道感染,感冒后为什么耳朵发烧变红,感冒后有什么症状,0
上呼吸道感染,感冒后为什么耳朵发烧变红,耳朵发烧变红是什么病,0
上呼吸道感染,感冒后为什么耳朵发烧变红,感冒吃什么药,0
上呼吸道感染,一年多反复上呼吸道感染且有咽炎是怎么回事,长时间多次呼吸道感染且有咽炎是什么病,1
上呼吸道感染,一年多反复上呼吸道感染且有咽炎是怎么回事,反复上呼吸道感染且有咽炎是什么病,1
上呼吸道感染,一年多反复上呼吸道感染且有咽炎是怎么回事,反复上呼吸道感染怎么治,0
上呼吸道感染,一年多反复上呼吸道感染且有咽炎是怎么回事,反复上呼吸道感染吃什么药,0
上呼吸道感染,一年多反复上呼吸道感染且有咽炎是怎么回事,上呼吸道感染怎样才能根治,0
上呼吸道感染,上呼吸道感染的症状有哪些,上呼吸道感染有什么症状,1
上呼吸道感染,上呼吸道感染的症状有哪些,什么是上呼吸道感染的症状,1
上呼吸道感染,上呼吸道感染的症状有哪些,上呼吸道感染用什么药,0
上呼吸道感染,上呼吸道感染的症状有哪些,上呼吸道感染用输液吗,0
上呼吸道感染,上呼吸道感染的症状有哪些,上呼吸道感染怎么治疗,0
上呼吸道感染,上呼吸道感染如何保健护理,上呼吸道感染应该怎样保健护理,1
上呼吸道感染,上呼吸道感染如何保健护理,上呼吸道感染保健护理的操作是什么,1
上呼吸道感染,上呼吸道感染如何保健护理,上呼吸道感染患者不能吃什么,0
上呼吸道感染,上呼吸道感染如何保健护理,支气管感染平时怎么保健,0
上呼吸道感染,上呼吸道感染如何保健护理,上呼吸道感染能喝酒吗,0
上呼吸道感染,沙丁胺醇气雾剂有什么副作用的吗,使用沙丁胺醇气雾剂有哪些副作用,1
上呼吸道感染,沙丁胺醇气雾剂有什么副作用的吗,喷沙丁胺醇气雾剂的副作用有哪些,1
上呼吸道感染,沙丁胺醇气雾剂有什么副作用的吗,沙丁胺醇气雾剂有什么作用,0
上呼吸道感染,沙丁胺醇气雾剂有什么副作用的吗,大量使用沙丁胺醇气雾剂会中毒吗,0
上呼吸道感染,沙丁胺醇气雾剂有什么副作用的吗,如何正确使用沙丁胺醇气雾剂,0
上呼吸道感染,马应龙的复方甘草口服溶液有什么用,马应龙的复方甘草口服溶液的作用是什么,1
上呼吸道感染,马应龙的复方甘草口服溶液有什么用,马应龙的复方甘草口服溶液有什么医用效果,1
上呼吸道感染,马应龙的复方甘草口服溶液有什么用,马应龙的复方甘草口服溶液是中药吗,0
上呼吸道感染,马应龙的复方甘草口服溶液有什么用,马应龙的复方甘草口服溶液哪里能买到,0
上呼吸道感染,马应龙的复方甘草口服溶液有什么用,复方甘草口服溶液服用时有什么禁忌,0
上呼吸道感染,氢溴酸右美沙芬糖浆怎么样啊,氢溴酸右美沙芬糖浆效果如何,1
上呼吸道感染,氢溴酸右美沙芬糖浆怎么样啊,喝氢溴酸右美沙芬糖浆效果怎么样,1
上呼吸道感染,氢溴酸右美沙芬糖浆怎么样啊,氢溴酸右美沙芬糖浆可以治什么病,0
上呼吸道感染,氢溴酸右美沙芬糖浆怎么样啊,孕妇可以喝氢溴酸右美沙芬糖浆吗,0
上呼吸道感染,氢溴酸右美沙芬糖浆怎么样啊,氢溴酸右美沙芬糖浆可以治呼吸道感染吗,0
上呼吸道感染,刻康消炎片哺乳期妇女能用吗,哺乳的妈妈能用刻康消炎片生吗,1
上呼吸道感染,刻康消炎片哺乳期妇女能用吗,刻康消炎片哺乳期的妈妈能用吗,1
上呼吸道感染,刻康消炎片哺乳期妇女能用吗,刻康消炎片有什么不良反应吗,0
上呼吸道感染,刻康消炎片哺乳期妇女能用吗,吃刻康消炎片应该注意什么,0
上呼吸道感染,刻康消炎片哺乳期妇女能用吗,刻康消炎片对小孩子有害吗,0
上呼吸道感染,刻康消炎片功能主治主要是什么呢,刻康消炎片主治哪些病,1
上呼吸道感染,刻康消炎片功能主治主要是什么呢,刻康消炎片可以治什么病,1
上呼吸道感染,刻康消炎片功能主治主要是什么呢,刻康消炎片主要成分是什么,0
上呼吸道感染,刻康消炎片功能主治主要是什么呢,刻康消炎片副作用大吗,0
上呼吸道感染,刻康消炎片功能主治主要是什么呢,刻康消炎片是中成药吗,0
上呼吸道感染,红树清火栀麦片是中药吗,红树清火栀麦片属于中药吗,1
上呼吸道感染,红树清火栀麦片是中药吗,红树清火栀麦片是中药还是西药,1
上呼吸道感染,红树清火栀麦片是中药吗,红树清火栀麦片的成分有哪些,0
上呼吸道感染,红树清火栀麦片是中药吗,红树清火栀麦片副作用大不大,0
上呼吸道感染,红树清火栀麦片是中药吗,红树清火栀麦片小孩可以吃吗,0
上呼吸道感染,3岁孩子可以服用利巴韦林泡腾颗粒的吗,3岁孩子服用利巴韦林泡腾颗粒可以吗,1
上呼吸道感染,3岁孩子可以服用利巴韦林泡腾颗粒的吗,幼龄儿童以吃利巴韦林泡腾颗粒吗,1
上呼吸道感染,3岁孩子可以服用利巴韦林泡腾颗粒的吗,利巴韦林泡腾颗粒适用人群有哪些,0
上呼吸道感染,3岁孩子可以服用利巴韦林泡腾颗粒的吗,利巴韦林泡腾颗粒有什么副作用吗,0
上呼吸道感染,3岁孩子可以服用利巴韦林泡腾颗粒的吗,利巴韦林泡腾颗粒的用药禁忌是什么,0
上呼吸道感染,巨能清热解毒口服液是真的药品吗,巨能清热解毒口服液是正规药品吗,1
上呼吸道感染,巨能清热解毒口服液是真的药品吗,巨能清热解毒口服液是可靠的药品吗,1
上呼吸道感染,巨能清热解毒口服液是真的药品吗,巨能清热解毒口服液成分有什么,0
上呼吸道感染,巨能清热解毒口服液是真的药品吗,巨能清热解毒口服液属于中成药吗,0
上呼吸道感染,巨能清热解毒口服液是真的药品吗,巨能清热解毒口服液小孩可以喝吗,0
上呼吸道感染,服用缬沙坦胶囊对肾有副作用吗,吃缬沙坦胶囊对肾有副作用吗,1
上呼吸道感染,服用缬沙坦胶囊对肾有副作用吗,服用缬沙坦胶囊对肾有哪些副作用,1
上呼吸道感染,服用缬沙坦胶囊对肾有副作用吗,服用缬沙坦胶囊对肝脏副作用大吗,0
上呼吸道感染,服用缬沙坦胶囊对肾有副作用吗,缬沙坦胶囊小孩可以吃吗,0
上呼吸道感染,服用缬沙坦胶囊对肾有副作用吗,孕妇可以吃缬沙坦胶囊吗,0
上呼吸道感染,服用缬沙坦分散片后会伤肾吗,服用缬沙坦分散片后会对肾产生伤害吗,1
上呼吸道感染,服用缬沙坦分散片后会伤肾吗,吃缬沙坦分散片后会对肾产生副作用吗,1
上呼吸道感染,服用缬沙坦分散片后会伤肾吗,服用缬沙坦分散片服药禁忌是什么,0
上呼吸道感染,服用缬沙坦分散片后会伤肾吗,缬沙坦分散片能长时间吃吗,0
上呼吸道感染,服用缬沙坦分散片后会伤肾吗,缬沙坦分散片是中成药吗,0
上呼吸道感染,上呼吸道感染如何诊断检查,上呼吸道感染怎样诊断检查,1
上呼吸道感染,上呼吸道感染如何诊断检查,做什么检查可以查出上呼吸道感染,1
上呼吸道感染,上呼吸道感染如何诊断检查,上呼吸道感染怎么办,0
上呼吸道感染,上呼吸道感染如何诊断检查,如何预防上呼吸道感染,0
上呼吸道感染,上呼吸道感染如何诊断检查,上呼吸道感染吃什么药,0
上呼吸道感染,长江阿奇霉素分散片治疗咽炎的作用如何呢,长江阿奇霉素分散片治疗咽炎的作用怎么样,1
上呼吸道感染,长江阿奇霉素分散片治疗咽炎的作用如何呢,长江阿奇霉素分散片治疗咽炎的效果好吗,1
上呼吸道感染,长江阿奇霉素分散片治疗咽炎的作用如何呢,长江阿奇霉素分散片治疗什么病,0
上呼吸道感染,长江阿奇霉素分散片治疗咽炎的作用如何呢,长江阿奇霉素分散片的成分是什么,0
上呼吸道感染,长江阿奇霉素分散片治疗咽炎的作用如何呢,长江阿奇霉素分散片有什么副作用吗,0
上呼吸道感染,请问克拉霉素缓释片停药多久怀孕,请问克拉霉素缓释片停药多长时间后会怀孕,1
上呼吸道感染,请问克拉霉素缓释片停药多久怀孕,停止吃克拉霉素缓释片多久之后会怀孕,1
上呼吸道感染,请问克拉霉素缓释片停药多久怀孕,克拉霉素缓释片可以治什么病,0
上呼吸道感染,请问克拉霉素缓释片停药多久怀孕,请问克拉霉素缓释片有什么服药禁忌,0
上呼吸道感染,请问克拉霉素缓释片停药多久怀孕,请问克拉霉素缓释片儿童能吃吗,0
上呼吸道感染,克拉霉素缓释片治疗痤疮要几个疗程呢,克拉霉素缓释片治疗痤疮需要几个疗程,1
上呼吸道感染,克拉霉素缓释片治疗痤疮要几个疗程呢,用克拉霉素缓释片治疗痤疮需要多长时间,1
上呼吸道感染,克拉霉素缓释片治疗痤疮要几个疗程呢,克拉霉素缓释片治疗哪些病,0
上呼吸道感染,克拉霉素缓释片治疗痤疮要几个疗程呢,克拉霉素缓释片有什么用药禁忌,0
上呼吸道感染,克拉霉素缓释片治疗痤疮要几个疗程呢,克拉霉素缓释片是中药吗,0
上呼吸道感染,克拉霉素缓释片要吃多少天才能见效呢,克拉霉素缓释片要服用多少天才会有效果,1
上呼吸道感染,克拉霉素缓释片要吃多少天才能见效呢,吃克拉霉素缓释片多长时间才能有效,1
上呼吸道感染,克拉霉素缓释片要吃多少天才能见效呢,吃大量克拉霉素缓释片会过敏吗,0
上呼吸道感染,克拉霉素缓释片要吃多少天才能见效呢,孕妇能吃克拉霉素缓释片吗,0
上呼吸道感染,克拉霉素缓释片要吃多少天才能见效呢,克拉霉素缓释片的用药禁忌是什么,0
上呼吸道感染,消银泰苦丹丸这个药的价格贵吗,消银泰苦丹丸的价格贵吗,1
上呼吸道感染,消银泰苦丹丸这个药的价格贵吗,消银泰苦丹丸价格怎么样,1
上呼吸道感染,消银泰苦丹丸这个药的价格贵吗,消银泰苦丹丸成分是什么,0
上呼吸道感染,消银泰苦丹丸这个药的价格贵吗,消银泰苦丹丸是中成药吗,0
上呼吸道感染,消银泰苦丹丸这个药的价格贵吗,消银泰苦丹丸有什么疗效,0
上呼吸道感染,孩子总是感冒发烧怎么办,孩子老感冒发烧需要采取什么方法,1
上呼吸道感染,孩子总是感冒发烧怎么办,儿童老是感冒发烧，怎么治疗,1
上呼吸道感染,孩子总是感冒发烧怎么办,孩子感冒发烧吃什么食物好,0
上呼吸道感染,孩子总是感冒发烧怎么办,小孩子感冒发烧应该先退烧吗,0
上呼吸道感染,孩子总是感冒发烧怎么办,小孩子经常感冒发烧是遗传吗,0
上呼吸道感染,上咽痛是上呼吸道感染吗,上咽痛是上呼吸道感染的症状吗,1
上呼吸道感染,上咽痛是上呼吸道感染吗,上咽痛是上呼吸道感染的表现吗,1
上呼吸道感染,上咽痛是上呼吸道感染吗,上咽痛是什么病,0
上呼吸道感染,上咽痛是上呼吸道感染吗,上咽痛该怎么办,0
上呼吸道感染,上咽痛是上呼吸道感染吗,上咽痛应该吃什么药,0
上呼吸道感染,请问克拉霉素缓释片说明书有哪些内容,请问克拉霉素缓释片说明书内容是什么,1
上呼吸道感染,请问克拉霉素缓释片说明书有哪些内容,请问克拉霉素缓释片说明书有什么内容,1
上呼吸道感染,请问克拉霉素缓释片说明书有哪些内容,请问克拉霉素缓释片成分是什么,0
上呼吸道感染,请问克拉霉素缓释片说明书有哪些内容,请问克拉霉素缓释片是中成药吗,0
上呼吸道感染,请问克拉霉素缓释片说明书有哪些内容,大量吃克拉霉素缓释片会过敏吗,0
上呼吸道感染,请问克拉霉素缓释片哪里有售,请问克拉霉素缓释片可以在那买,1
上呼吸道感染,请问克拉霉素缓释片哪里有售,哪里销售克拉霉素缓释片,1
上呼吸道感染,请问克拉霉素缓释片哪里有售,克拉霉素缓释片是不是中成药,0
上呼吸道感染,请问克拉霉素缓释片哪里有售,克拉霉素缓释片用药注意什么,0
上呼吸道感染,请问克拉霉素缓释片哪里有售,孕妇可不可以吃克拉霉素缓释片,0
上呼吸道感染,惠菲宣愈美片功效如何呢,惠菲宣愈美片功效好不好,1
上呼吸道感染,惠菲宣愈美片功效如何呢,惠菲宣愈美片治疗的效果怎么样,1
上呼吸道感染,惠菲宣愈美片功效如何呢,吃惠菲宣愈美片会不会过敏,0
上呼吸道感染,惠菲宣愈美片功效如何呢,惠菲宣愈美片可以治什么病,0
上呼吸道感染,惠菲宣愈美片功效如何呢,惠菲宣愈美片孕妇可以吃吗,0
上呼吸道感染,圣泰清热解毒口服液在医院买的比较贵吗,圣泰清热解毒口服液在医院买多少钱,1
上呼吸道感染,圣泰清热解毒口服液在医院买的比较贵吗,在医院里圣泰清热解毒口服液卖的比较贵吗,1
上呼吸道感染,圣泰清热解毒口服液在医院买的比较贵吗,圣泰清热解毒口服液治什么病,0
上呼吸道感染,圣泰清热解毒口服液在医院买的比较贵吗,圣泰清热解毒口服液婴幼儿可以吃吗,0
上呼吸道感染,圣泰清热解毒口服液在医院买的比较贵吗,圣泰清热解毒口服液成分是什么,0
上呼吸道感染,日诺清热解毒口服液好不好用,日诺清热解毒口服液效果好吗,1
上呼吸道感染,日诺清热解毒口服液好不好用,喝日诺清热解毒口服液有用吗,1
上呼吸道感染,日诺清热解毒口服液好不好用,日诺清热解毒口服液成分有哪些组成,0
上呼吸道感染,日诺清热解毒口服液好不好用,喝日诺清热解毒口服液会不会过敏,0
上呼吸道感染,日诺清热解毒口服液好不好用,日诺清热解毒口服液有什么副作用吗,0
上呼吸道感染,圣泰清热解毒口服液不是假的吧,圣泰清热解毒口服液可靠吗,1
上呼吸道感染,圣泰清热解毒口服液不是假的吧,圣泰清热解毒口服液是正规的吗,1
上呼吸道感染,圣泰清热解毒口服液不是假的吧,圣泰清热解毒口服液价格是多少,0
上呼吸道感染,圣泰清热解毒口服液不是假的吧,圣泰清热解毒口服液可以治什么病,0
上呼吸道感染,圣泰清热解毒口服液不是假的吧,圣泰清热解毒口服液成分 ,0
上呼吸道感染,圣泰清热解毒口服液对什么疾病有效果,圣泰清热解毒口服液治什么病有效果,1
上呼吸道感染,圣泰清热解毒口服液对什么疾病有效果,圣泰清热解毒口服液可以治疗什么病,1
上呼吸道感染,圣泰清热解毒口服液对什么疾病有效果,圣泰清热解毒口服液有副作用吗,0
上呼吸道感染,圣泰清热解毒口服液对什么疾病有效果,圣泰清热解毒口服液价格贵吗,0
上呼吸道感染,圣泰清热解毒口服液对什么疾病有效果,圣泰清热解毒口服液是中成药吗,0
上呼吸道感染,2岁小儿可以用鼻渊通窍颗粒吗,2岁大都孩子，可以吃鼻渊通窍颗粒吗,1
上呼吸道感染,2岁小儿可以用鼻渊通窍颗粒吗,婴幼儿能不能吃鼻渊通窍颗粒,1
上呼吸道感染,2岁小儿可以用鼻渊通窍颗粒吗,鼻渊通窍颗粒成分是什么,0
上呼吸道感染,2岁小儿可以用鼻渊通窍颗粒吗,鼻渊通窍颗粒有副作用吗,0
上呼吸道感染,2岁小儿可以用鼻渊通窍颗粒吗,鼻渊通窍颗粒是中成药吗,0
上呼吸道感染,托平缬沙坦胶囊副作用有什么呢,托平缬沙坦胶囊副作用有哪些呢,1
上呼吸道感染,托平缬沙坦胶囊副作用有什么呢,托平缬沙坦胶囊副作用有几个方面,1
上呼吸道感染,托平缬沙坦胶囊副作用有什么呢,托平缬沙坦胶囊能长期口服吗,0
上呼吸道感染,托平缬沙坦胶囊副作用有什么呢,托平缬沙坦胶囊是治疗高血压的药吗,0
上呼吸道感染,托平缬沙坦胶囊副作用有什么呢,服用托平缬沙坦胶囊需要注意什么,0
上呼吸道感染,心灵丸有什么副作用吗能否常吃呢,心灵丸有副作用吗能常吃吗,1
上呼吸道感染,心灵丸有什么副作用吗能否常吃呢,长期吃心灵丸会有哪些不良反应？,1
上呼吸道感染,心灵丸有什么副作用吗能否常吃呢,心灵丸是高血压和心脏病的常用药吗,0
上呼吸道感染,心灵丸有什么副作用吗能否常吃呢,怎样服用心灵丸,0
上呼吸道感染,心灵丸有什么副作用吗能否常吃呢,服用心灵丸需要注意哪些方面,0
上呼吸道感染,你好我想知道黄葵胶囊是不是医保用药,请问黄葵胶囊是医保用药吗,1
上呼吸道感染,你好我想知道黄葵胶囊是不是医保用药,你好我想知道黄葵胶囊医保能用吗,1
上呼吸道感染,你好我想知道黄葵胶囊是不是医保用药,黄葵胶囊是治疗那种方面的疾病,0
上呼吸道感染,你好我想知道黄葵胶囊是不是医保用药,慢性肾炎可以吃黄葵胶囊吗,0
上呼吸道感染,你好我想知道黄葵胶囊是不是医保用药,黄葵胶囊是中成药吗,0
上呼吸道感染,現在干咳很严重服用头胞克污止咳立效胶囊行吗,干咳很厉害能服用头胞克污止咳立效胶囊吗,1
上呼吸道感染,現在干咳很严重服用头胞克污止咳立效胶囊行吗,头胞克污止咳立效胶囊治疗干咳吗,1
上呼吸道感染,現在干咳很严重服用头胞克污止咳立效胶囊行吗,头胞克污止咳立效胶囊是治疗哮喘的药吗,0
上呼吸道感染,現在干咳很严重服用头胞克污止咳立效胶囊行吗,头胞克污止咳立效胶囊有什么副作用吗,0
上呼吸道感染,現在干咳很严重服用头胞克污止咳立效胶囊行吗,感冒干咳能服用头胞克污止咳立效胶囊吗,0
上呼吸道感染,为什么支气管炎哮喘的反复咳咳不见好转的呢,支气管炎哮喘的反复咳咳不见好转是怎么回事,1
上呼吸道感染,为什么支气管炎哮喘的反复咳咳不见好转的呢,支气管炎哮喘的反复咳咳不见好转是什么原因,1
上呼吸道感染,为什么支气管炎哮喘的反复咳咳不见好转的呢,支气管炎哮喘和慢性支气管炎是一种病吗,0
上呼吸道感染,为什么支气管炎哮喘的反复咳咳不见好转的呢,支气管炎哮喘能用哪些药,0
上呼吸道感染,为什么支气管炎哮喘的反复咳咳不见好转的呢,引起支气管炎哮喘有哪些方面,0
上呼吸道感染,众生丸吃了4次了我的喉咙还痛啊怎么回事,众生丸吃了4次了我的喉咙还痛是什么情况,1
上呼吸道感染,众生丸吃了4次了我的喉咙还痛啊怎么回事,吃了众生丸怎么我的喉咙还痛,1
上呼吸道感染,众生丸吃了4次了我的喉咙还痛啊怎么回事,众生丸用于上呼吸道感染需要服药多长时间,0
上呼吸道感染,众生丸吃了4次了我的喉咙还痛啊怎么回事,咽喉炎扁桃体炎都可以吃众生丸吗,0
上呼吸道感染,众生丸吃了4次了我的喉咙还痛啊怎么回事,感冒喉咙痛需要服用众生丸吗,0
上呼吸道感染,强力止咳宁胶囊能和阿莫西林胶囊一起吃吗,强力止咳宁胶囊可以和阿莫西林胶囊一起吃吗,1
上呼吸道感染,强力止咳宁胶囊能和阿莫西林胶囊一起吃吗,强力止咳宁胶囊不能和阿莫西林胶囊同时服用吗,1
上呼吸道感染,强力止咳宁胶囊能和阿莫西林胶囊一起吃吗,强力止咳宁胶囊是清热解毒的药吗,0
上呼吸道感染,强力止咳宁胶囊能和阿莫西林胶囊一起吃吗,急慢性支气管炎可以服用强力止咳宁胶囊吗,0
上呼吸道感染,强力止咳宁胶囊能和阿莫西林胶囊一起吃吗,感冒咳嗽能吃阿莫西林胶囊吗,0
上呼吸道感染,热毒平颗粒乐达非都由什么制成的呀,热毒平颗粒乐达非的成分有哪些,1
上呼吸道感染,热毒平颗粒乐达非都由什么制成的呀,热毒平颗粒乐达非有哪几种药剂制成的,1
上呼吸道感染,热毒平颗粒乐达非都由什么制成的呀,热毒平颗粒乐达非是治疗什么病的药,0
上呼吸道感染,热毒平颗粒乐达非都由什么制成的呀,热毒平颗粒乐达非可用于治疗流感吗,0
上呼吸道感染,热毒平颗粒乐达非都由什么制成的呀,哪些症状可以吃热毒平颗粒乐达非,0
上呼吸道感染,同仁堂感冒清热颗粒的功能大吗,同仁堂感冒清热颗粒的功效怎么样,1
上呼吸道感染,同仁堂感冒清热颗粒的功能大吗,同仁堂感冒清热颗粒的效果好吗,1
上呼吸道感染,同仁堂感冒清热颗粒的功能大吗,同仁堂感冒清热颗粒能用于风寒感冒吗,0
上呼吸道感染,同仁堂感冒清热颗粒的功能大吗,同仁堂感冒清热颗粒是处方药吗,0
上呼吸道感染,同仁堂感冒清热颗粒的功能大吗,同仁堂感冒清热颗粒是清热解毒的药吗,0
上呼吸道感染,琦鹰汉藏七味螃蟹甲丸的作用效果大吗,琦鹰汉藏七味螃蟹甲丸的作用大吗,1
上呼吸道感染,琦鹰汉藏七味螃蟹甲丸的作用效果大吗,琦鹰汉藏七味螃蟹甲丸的效果好吗,1
上呼吸道感染,琦鹰汉藏七味螃蟹甲丸的作用效果大吗,琦鹰汉藏七味螃蟹甲丸可以治疗那种病,0
上呼吸道感染,琦鹰汉藏七味螃蟹甲丸的作用效果大吗,感冒咳嗽吃琦鹰汉藏七味螃蟹甲丸有没有用,0
上呼吸道感染,琦鹰汉藏七味螃蟹甲丸的作用效果大吗,琦鹰汉藏七味螃蟹甲丸是清热解毒的药吗,0
上呼吸道感染,乐达非热毒平颗粒功能大吗,乐达非热毒平颗粒效果好吗,1
上呼吸道感染,乐达非热毒平颗粒功能大吗,乐达非热毒平颗粒的功效怎么样,1
上呼吸道感染,乐达非热毒平颗粒功能大吗,感冒发烧可以吃乐达非热毒平颗粒吗,0
上呼吸道感染,乐达非热毒平颗粒功能大吗,乐达非热毒平颗粒10岁以下儿童能吃吗,0
上呼吸道感染,乐达非热毒平颗粒功能大吗,乐达非热毒平颗粒是抗病毒性药物吗,0
上呼吸道感染,乐达非热毒平颗粒可以治疗什么病,乐达非热毒平颗粒可以治疗那种病,1
上呼吸道感染,乐达非热毒平颗粒可以治疗什么病,什么病可以吃乐达非热毒平颗粒,1
上呼吸道感染,乐达非热毒平颗粒可以治疗什么病,乐达非热毒平颗粒用于流感和上呼吸道感染吗,0
上呼吸道感染,乐达非热毒平颗粒可以治疗什么病,乐达非热毒平颗粒儿童服用需要注意什么,0
上呼吸道感染,乐达非热毒平颗粒可以治疗什么病,风寒感冒可以服用乐达非热毒平颗粒吗,0
上呼吸道感染,乐达非热毒平颗粒是医保药吗,乐达非热毒平颗粒是不是医保药吗,1
上呼吸道感染,乐达非热毒平颗粒是医保药吗,乐达非热毒平颗粒医保能用吗,1
上呼吸道感染,乐达非热毒平颗粒是医保药吗,乐达非热毒平颗粒是不是中成药,0
上呼吸道感染,乐达非热毒平颗粒是医保药吗,服用乐达非热毒平颗粒需要忌食吗,0
上呼吸道感染,乐达非热毒平颗粒是医保药吗,乐达非热毒平颗粒和消炎药能一起吃吗,0
上呼吸道感染,巨能清热解毒口服液治疗效果怎么样,巨能清热解毒口服液疗效怎么样,1
上呼吸道感染,巨能清热解毒口服液治疗效果怎么样,巨能清热解毒口服液治疗效果好吗,1
上呼吸道感染,巨能清热解毒口服液治疗效果怎么样,高血压的患者能喝巨能清热解毒口服液吗,0
上呼吸道感染,巨能清热解毒口服液治疗效果怎么样,儿童孕妇能服用巨能清热解毒口服液吗,0
上呼吸道感染,巨能清热解毒口服液治疗效果怎么样,服用巨能清热解毒口服液需要注意什么,0
上呼吸道感染,巨能清热解毒口服液价格多少便宜吗,巨能清热解毒口服液价格是多少怎么卖,1
上呼吸道感染,巨能清热解毒口服液价格多少便宜吗,巨能清热解毒口服液多少钱一盒便宜吗,1
上呼吸道感染,巨能清热解毒口服液价格多少便宜吗,病毒性感冒可以喝巨能清热解毒口服液吗,0
上呼吸道感染,巨能清热解毒口服液价格多少便宜吗,巨能清热解毒口服液治上呼吸道感染吗,0
上呼吸道感染,巨能清热解毒口服液价格多少便宜吗,巨能清热解毒口服液是中药成分吗,0
上呼吸道感染,清热解毒软胶囊哪个厂家生产的是医保药吗,清热解毒软胶囊哪儿生产的是不是医保药吗,1
上呼吸道感染,清热解毒软胶囊哪个厂家生产的是医保药吗,清热解毒软胶囊哪个地方生产的医保能用吗,1
上呼吸道感染,清热解毒软胶囊哪个厂家生产的是医保药吗,感冒喉咙疼能吃清热解毒软胶囊吗,0
上呼吸道感染,清热解毒软胶囊哪个厂家生产的是医保药吗,清热解毒软胶囊怎样服用,0
上呼吸道感染,清热解毒软胶囊哪个厂家生产的是医保药吗,清热解毒软胶囊孕妇哺乳期能服用吗,0
上呼吸道感染,石家庄清热解毒软胶囊效果好吗,石家庄清热解毒软胶囊疗效好吗,1
上呼吸道感染,石家庄清热解毒软胶囊效果好吗,石家庄清热解毒软胶囊效果明显吗,1
上呼吸道感染,石家庄清热解毒软胶囊效果好吗,石家庄清热解毒软胶囊医保报销吗,0
上呼吸道感染,石家庄清热解毒软胶囊效果好吗,石家庄清热解毒软胶囊有效期多长时间,0
上呼吸道感染,石家庄清热解毒软胶囊效果好吗,吃石家庄清热解毒软胶囊忌辛辣油腻生冷食物吗,0
上呼吸道感染,巨能清热解毒口服液是处方药吗,巨能清热解毒口服液是不是处方药,1
上呼吸道感染,巨能清热解毒口服液是处方药吗,巨能清热解毒口服液能开处方药吗,1
上呼吸道感染,巨能清热解毒口服液是处方药吗,巨能清热解毒口服液治疗效果好吗,0
上呼吸道感染,巨能清热解毒口服液是处方药吗,呼吸道感染能喝巨能清热解毒口服液吗,0
上呼吸道感染,巨能清热解毒口服液是处方药吗,孩子能喝巨能清热解毒口服液吗,0
上呼吸道感染,发烧了喝巨能清热解毒口服液有副作用,发烧了喝巨能清热解毒口服液有没有副作用,1
上呼吸道感染,发烧了喝巨能清热解毒口服液有副作用,发烧了喝巨能清热解毒口服液有坏处吗,1
上呼吸道感染,发烧了喝巨能清热解毒口服液有副作用,巨能清热解毒口服液含中药成分吗,0
上呼吸道感染,发烧了喝巨能清热解毒口服液有副作用,巨能清热解毒口服液有效期多长时间,0
上呼吸道感染,发烧了喝巨能清热解毒口服液有副作用,巨能清热解毒口服液的用法用量是什么,0
上呼吸道感染,巨能清热解毒口服液主治什么疾病,巨能清热解毒口服液主要治什么病,1
上呼吸道感染,巨能清热解毒口服液主治什么疾病,巨能清热解毒口服液主治那种疾病,1
上呼吸道感染,巨能清热解毒口服液主治什么疾病,巨能清热解毒口服液孕产妇能服用吗,0
上呼吸道感染,巨能清热解毒口服液主治什么疾病,巨能清热解毒口服液忌三高病人吗,0
上呼吸道感染,巨能清热解毒口服液主治什么疾病,巨能清热解毒口服液在服用期间能吃别的药吗,0
上呼吸道感染,石家庄清热解毒软胶囊哪个牌子比较好,清热解毒软胶囊哪个牌子比较好,1
上呼吸道感染,石家庄清热解毒软胶囊哪个牌子比较好,清热解毒软胶囊哪个牌子效果明显,1
上呼吸道感染,石家庄清热解毒软胶囊哪个牌子比较好,石家庄清热解毒软胶囊是医保药吗,0
上呼吸道感染,石家庄清热解毒软胶囊哪个牌子比较好,石家庄清热解毒软胶囊一盒服用几天,0
上呼吸道感染,石家庄清热解毒软胶囊哪个牌子比较好,石家庄清热解毒软胶囊每次用量多少,0
上呼吸道感染,服用清热解毒软胶囊出现头痛该怎么办呢,服用清热解毒软胶囊出现头痛咋办呢,1
上呼吸道感染,服用清热解毒软胶囊出现头痛该怎么办呢,服用清热解毒软胶囊出现头痛用什么办法呢,1
上呼吸道感染,服用清热解毒软胶囊出现头痛该怎么办呢,服用清热解毒软胶囊有什么副作用吗,0
上呼吸道感染,服用清热解毒软胶囊出现头痛该怎么办呢,出现发热脸红能吃服用清热解毒软胶囊吗,0
上呼吸道感染,服用清热解毒软胶囊出现头痛该怎么办呢,清热解毒软胶囊是治上呼吸道感染的吗,0
上呼吸道感染,奇康寒喘祖帕颗粒的效果明显吗,奇康寒喘祖帕颗粒有效果吗,1
上呼吸道感染,奇康寒喘祖帕颗粒的效果明显吗,奇康寒喘祖帕颗粒的效果好吗,1
上呼吸道感染,奇康寒喘祖帕颗粒的效果明显吗,奇康寒喘祖帕颗粒是治哮喘的吗,0
上呼吸道感染,奇康寒喘祖帕颗粒的效果明显吗,急性感冒能吃奇康寒喘祖帕颗粒吗,0
上呼吸道感染,奇康寒喘祖帕颗粒的效果明显吗,肺炎咳嗽能吃奇康寒喘祖帕颗粒吗,0
上呼吸道感染,鼻渊通窍颗粒是不是可以用来冶疗鼻咽炎的,鼻渊通窍颗粒是用来冶疗鼻咽炎的吗,1
上呼吸道感染,鼻渊通窍颗粒是不是可以用来冶疗鼻咽炎的,鼻渊通窍颗粒可以用来冶疗鼻咽炎吗,1
上呼吸道感染,鼻渊通窍颗粒是不是可以用来冶疗鼻咽炎的,鼻渊通窍颗粒可以治疗急性鼻窦炎吗,0
上呼吸道感染,鼻渊通窍颗粒是不是可以用来冶疗鼻咽炎的,鼻炎的症状有哪些,0
上呼吸道感染,鼻渊通窍颗粒是不是可以用来冶疗鼻咽炎的,鼻炎吃鼻渊通窍颗粒时能服消炎药吗,0
上呼吸道感染,朗致贞芪扶正颗粒不良反应是怎么样的呢,朗致贞芪扶正颗粒不良反应是什么,1
上呼吸道感染,朗致贞芪扶正颗粒不良反应是怎么样的呢,朗致贞芪扶正颗粒不良反应有哪些,1
上呼吸道感染,朗致贞芪扶正颗粒不良反应是怎么样的呢,服用朗致贞芪扶正颗粒能喝茶和咖啡吗,0
上呼吸道感染,朗致贞芪扶正颗粒不良反应是怎么样的呢,身体虚弱的人群可以喝朗致贞芪扶正颗粒吗,0
上呼吸道感染,朗致贞芪扶正颗粒不良反应是怎么样的呢,朗致贞芪扶正颗粒可以提高免疫力吗,0
上呼吸道感染,德元堂肾衰宁颗粒是正品药吗,德元堂肾衰宁这个药是不是正品药,1
上呼吸道感染,德元堂肾衰宁颗粒是正品药吗,德元堂肾衰宁颗粒正品药吗,1
上呼吸道感染,德元堂肾衰宁颗粒是正品药吗,德元堂肾衰宁颗粒能治哪种病,0
上呼吸道感染,德元堂肾衰宁颗粒是正品药吗,尿道炎能吃德元堂肾衰宁颗粒吗,0
上呼吸道感染,德元堂肾衰宁颗粒是正品药吗,德元堂肾衰宁颗粒能治急慢性肾炎吗,0
上呼吸道感染,服用肾衰宁胶囊会降肌肝吗,服用肾衰宁胶囊能降肌肝吗,1
上呼吸道感染,服用肾衰宁胶囊会降肌肝吗,服用肾衰宁胶囊降肌肝效果好吗,1
上呼吸道感染,服用肾衰宁胶囊会降肌肝吗,肾衰宁胶囊能长期服用吗,0
上呼吸道感染,服用肾衰宁胶囊会降肌肝吗,服用肾衰宁胶囊的副作用有哪些,0
上呼吸道感染,服用肾衰宁胶囊会降肌肝吗,面色萎黄食欲不振可以服用肾衰宁胶囊吗,0
上呼吸道感染,清心沉香八味丸应该怎么吃呢,清心沉香八味丸需要怎么吃呢,1
上呼吸道感染,清心沉香八味丸应该怎么吃呢,清心沉香八味丸可以怎么吃呢,1
上呼吸道感染,清心沉香八味丸应该怎么吃呢,清心沉香八味丸对应症状有哪些,0
上呼吸道感染,清心沉香八味丸应该怎么吃呢,睡觉多梦心慌需要吃清心沉香八味丸吗,0
上呼吸道感染,清心沉香八味丸应该怎么吃呢,吃清心沉香八味丸有哪些需要注意的事项,0
上呼吸道感染,匹多莫德分散片什么情况下可以吃,匹多莫德分散片什么情况下可以服用,1
上呼吸道感染,匹多莫德分散片什么情况下可以吃,什么情况下可以吃匹多莫德分散片,1
上呼吸道感染,匹多莫德分散片什么情况下可以吃,过敏体质的人可以吃匹多莫德分散片么,0
上呼吸道感染,匹多莫德分散片什么情况下可以吃,服用匹多莫德分散片禁忌什么,0
上呼吸道感染,匹多莫德分散片什么情况下可以吃,5岁以下儿童能吃匹多莫德分散片,0
上呼吸道感染,匹多莫德分散片成分是什么,匹多莫德分散片成分有哪些,1
上呼吸道感染,匹多莫德分散片成分是什么,匹多莫德分散片有哪些成分,1
上呼吸道感染,匹多莫德分散片成分是什么,匹多莫德分散片可用于呼吸道感染吗,0
上呼吸道感染,匹多莫德分散片成分是什么,尿路感染能吃匹多莫德分散片吗,0
上呼吸道感染,匹多莫德分散片成分是什么,匹多莫德分散片适用于那些炎症,0
上呼吸道感染,小儿咽扁颗粒能和金莲花颗粒一起喝吗,小儿咽扁颗粒和金莲花颗粒一起喝可以吗,1
上呼吸道感染,小儿咽扁颗粒能和金莲花颗粒一起喝吗,小儿咽扁颗粒能和金莲花颗粒一起服用吗,1
上呼吸道感染,小儿咽扁颗粒能和金莲花颗粒一起喝吗,小儿咽扁颗粒能和金莲花颗粒是同一类药吗,0
上呼吸道感染,小儿咽扁颗粒能和金莲花颗粒一起喝吗,小儿咽扁颗粒能治急性扁桃体炎吗,0
上呼吸道感染,小儿咽扁颗粒能和金莲花颗粒一起喝吗,小儿咽扁颗粒能和金莲花颗粒是干什么的,0
上呼吸道感染,复方红豆杉胶囊一个疗程要吃多少天,复方红豆杉胶囊一疗程吃几天,1
上呼吸道感染,复方红豆杉胶囊一个疗程要吃多少天,复方红豆杉胶囊吃多少天算一个完整疗程,1
上呼吸道感染,复方红豆杉胶囊一个疗程要吃多少天,复方红豆杉胶囊是医保类药吗,0
上呼吸道感染,复方红豆杉胶囊一个疗程要吃多少天,复方红豆杉胶囊用于中晚期肺癌的患者可以吗,0
上呼吸道感染,复方红豆杉胶囊一个疗程要吃多少天,各种癌症都能吃复方红豆杉胶囊,0
上呼吸道感染,特一止咳宝片多少钱可以买的到呢,多少钱可以买到特一止咳宝片呢,1
上呼吸道感染,特一止咳宝片多少钱可以买的到呢,买特一止咳宝片需要多少钱,1
上呼吸道感染,特一止咳宝片多少钱可以买的到呢,婴幼儿可以吃特一止咳宝片吗,0
上呼吸道感染,特一止咳宝片多少钱可以买的到呢,感冒了咳嗽的厉害可以吃特一止咳宝片吗,0
上呼吸道感染,特一止咳宝片多少钱可以买的到呢,特一止咳宝片能用于上呼吸道感染吗,0
上呼吸道感染,信韦灵利巴韦林气雾剂的作用效果大吗,信韦灵利巴韦林气雾剂的效果好吗,1
上呼吸道感染,信韦灵利巴韦林气雾剂的作用效果大吗,信韦灵利巴韦林气雾剂的效果明显吗,1
上呼吸道感染,信韦灵利巴韦林气雾剂的作用效果大吗,1岁的幼儿可以用信韦灵利巴韦林气雾剂吗,0
上呼吸道感染,信韦灵利巴韦林气雾剂的作用效果大吗,信韦灵利巴韦林气雾剂是口腔用药吗,0
上呼吸道感染,信韦灵利巴韦林气雾剂的作用效果大吗,病毒性鼻炎可以用信韦灵利巴韦林气雾剂吗,0
上呼吸道感染,信韦灵利巴韦林气雾剂能主治什么疾病呢,信韦灵利巴韦林气雾剂主治哪几种病,1
上呼吸道感染,信韦灵利巴韦林气雾剂能主治什么疾病呢,信韦灵利巴韦林气雾剂能主治几种疾病,1
上呼吸道感染,信韦灵利巴韦林气雾剂能主治什么疾病呢,孕妇和哺乳期妈妈能用韦灵利巴韦林气雾剂吗,0
上呼吸道感染,信韦灵利巴韦林气雾剂能主治什么疾病呢,病毒性呼吸道感染能用信韦灵利巴韦林气雾剂吗,0
上呼吸道感染,信韦灵利巴韦林气雾剂能主治什么疾病呢,信韦灵利巴韦林气雾剂是医保类药吗,0
上呼吸道感染,香雪牌抗病毒口服液的作用大不大,香雪牌抗病毒口服液的效果好吗,1
上呼吸道感染,香雪牌抗病毒口服液的作用大不大,香雪牌抗病毒口服液的作用怎么样,1
上呼吸道感染,香雪牌抗病毒口服液的作用大不大,流感可以服用香雪牌抗病毒口服液吗,0
上呼吸道感染,香雪牌抗病毒口服液的作用大不大,香雪牌抗病毒口服液有副作用吗,0
上呼吸道感染,香雪牌抗病毒口服液的作用大不大,香雪牌抗病毒口服液有清热解毒的作用吗,0
上呼吸道感染,喝香雪牌抗病毒口服液会不会有什么危害的啊,喝香雪牌抗病毒口服液会有什么危害吗,1
上呼吸道感染,喝香雪牌抗病毒口服液会不会有什么危害的啊,喝香雪牌抗病毒口服液能有什么危害呢,1
上呼吸道感染,喝香雪牌抗病毒口服液会不会有什么危害的啊,感冒发烧需要喝抗病毒口服液吗,0
上呼吸道感染,喝香雪牌抗病毒口服液会不会有什么危害的啊,抗病毒口服液治风热感冒吗,0
上呼吸道感染,喝香雪牌抗病毒口服液会不会有什么危害的啊,抗病毒口服液是治疗呼吸道疾病的常用药吗,0
上呼吸道感染,请问素比伏有什么副作用吗,请问素比伏有哪些副作用,1
上呼吸道感染,请问素比伏有什么副作用吗,请问素比伏副作用有哪些,1
上呼吸道感染,请问素比伏有什么副作用吗,素比伏可以治疗那种病,0
上呼吸道感染,请问素比伏有什么副作用吗,请问素比伏能长期服用吗,0
上呼吸道感染,请问素比伏有什么副作用吗,素比伏治疗肝炎效果好吗,0
上呼吸道感染,你好请问众生丸是主治什么的,你好请问众生丸主要治什么,1
上呼吸道感染,你好请问众生丸是主治什么的,你好请问哪种病可以吃众生丸,1
上呼吸道感染,你好请问众生丸是主治什么的,众生丸有清热解毒的作用吗,0
上呼吸道感染,你好请问众生丸是主治什么的,你好请问儿童能吃众生丸吗,0
上呼吸道感染,你好请问众生丸是主治什么的,你好请问众生丸是用于急慢性咽喉炎的药吗,0
上呼吸道感染,你好嗓子不舒服能不能吃阿莫西林胶囊,你好嗓子不舒服能吃阿莫西林胶囊不能,1
上呼吸道感染,你好嗓子不舒服能不能吃阿莫西林胶囊,你好嗓子不舒服能吃阿莫西林胶囊吗,1
上呼吸道感染,你好嗓子不舒服能不能吃阿莫西林胶囊,阿莫西林胶囊是广谱抗菌药吗,0
上呼吸道感染,你好嗓子不舒服能不能吃阿莫西林胶囊,阿莫西林胶囊能长期服用吗,0
上呼吸道感染,你好嗓子不舒服能不能吃阿莫西林胶囊,阿莫西林胶囊有哪些不良反应,0
上呼吸道感染,众生丸可以治痘痘吗我不知道有没有用,请问众生丸可以治痘痘吗,1
上呼吸道感染,众生丸可以治痘痘吗我不知道有没有用,众生丸可以治痘痘吗我不知道有效果吗,1
上呼吸道感染,众生丸可以治痘痘吗我不知道有没有用,治疗慢性咽炎众生丸的效果好吗,0
上呼吸道感染,众生丸可以治痘痘吗我不知道有没有用,大人和孩子都可以吃众生丸吗,0
上呼吸道感染,众生丸可以治痘痘吗我不知道有没有用,急慢性呼吸道感染可以用众生丸吗,0
上呼吸道感染,众生胶囊可以用这个吗我女8岁,8岁的儿童可以用众生胶囊吗,1
上呼吸道感染,众生胶囊可以用这个吗我女8岁,众生胶囊可以给孩子用吗,1
上呼吸道感染,众生胶囊可以用这个吗我女8岁,众生胶囊是专治什么病的,0
上呼吸道感染,众生胶囊可以用这个吗我女8岁,服用众生胶囊会有什么不良反应,0
上呼吸道感染,众生胶囊可以用这个吗我女8岁,众生胶囊的主要成分有哪些,0
上呼吸道感染,宝宝受凉咳嗽有痰怎么办可以吃回春散吗,一岁的宝宝受凉咳嗽有痰可以吃回春散吗,1
上呼吸道感染,宝宝受凉咳嗽有痰怎么办可以吃回春散吗,婴儿咳嗽有痰可以吃回春散治疗吗,1
上呼吸道感染,宝宝受凉咳嗽有痰怎么办可以吃回春散吗,回春散有什么副作用,0
上呼吸道感染,宝宝受凉咳嗽有痰怎么办可以吃回春散吗,回春散对婴幼儿有什么样的危害,0
上呼吸道感染,宝宝受凉咳嗽有痰怎么办可以吃回春散吗,回春散是中成药吗,0
上呼吸道感染,阿莫西林治淋巴结发炎吗,阿莫西林主要治疗淋巴结发炎吗,1
上呼吸道感染,阿莫西林治淋巴结发炎吗,淋巴结发炎可以用阿莫西林吗,1
上呼吸道感染,阿莫西林治淋巴结发炎吗,阿莫西林是消炎药吗,0
上呼吸道感染,阿莫西林治淋巴结发炎吗,阿莫西林跟头孢有什么区别,0
上呼吸道感染,阿莫西林治淋巴结发炎吗,淋巴结发炎吃什么药,0
上呼吸道感染,小孩有咳嗽反复的真是不晓得怎么好了,儿童一直反复咳嗽怎么治疗才能好呢,1
上呼吸道感染,小孩有咳嗽反复的真是不晓得怎么好了,儿童反复的咳嗽用什么药能治好呢,1
上呼吸道感染,小孩有咳嗽反复的真是不晓得怎么好了,儿童咳嗽期间能吃油腻的食物吗,0
上呼吸道感染,小孩有咳嗽反复的真是不晓得怎么好了,儿童咳嗽是什么引起的,0
上呼吸道感染,小孩有咳嗽反复的真是不晓得怎么好了,儿童咳嗽会引起并发症吗,0
上呼吸道感染,因为工作原因暂时就吃了点阿莫西林胶囊可以吗,生病了只吃点阿莫西林胶囊管用吗,1
上呼吸道感染,因为工作原因暂时就吃了点阿莫西林胶囊可以吗,服用了一点阿莫西林胶囊有用吗,1
上呼吸道感染,因为工作原因暂时就吃了点阿莫西林胶囊可以吗,阿莫西林胶囊是西药吗,0
上呼吸道感染,因为工作原因暂时就吃了点阿莫西林胶囊可以吗,阿莫西林胶囊的功效是什么,0
上呼吸道感染,因为工作原因暂时就吃了点阿莫西林胶囊可以吗,阿莫西林胶囊是抗生素吗,0
上呼吸道感染,八岁零九个月咳嗽能吃阿奇霉素颗粒吗,儿童咳嗽可以吃阿奇霉素颗粒吗,1
上呼吸道感染,八岁零九个月咳嗽能吃阿奇霉素颗粒吗,阿奇霉素颗粒可以治疗儿童咳嗽吗,1
上呼吸道感染,八岁零九个月咳嗽能吃阿奇霉素颗粒吗,阿奇霉素颗粒一次可以吃多少,0
上呼吸道感染,八岁零九个月咳嗽能吃阿奇霉素颗粒吗,阿奇霉素跟红霉素的区别是什么,0
上呼吸道感染,八岁零九个月咳嗽能吃阿奇霉素颗粒吗,阿奇霉素副作用大吗,0
上呼吸道感染,小儿复方磺胺二甲嘧啶散有什么药物功效呀,服用小儿复方磺胺二甲嘧啶散有什么功效,1
上呼吸道感染,小儿复方磺胺二甲嘧啶散有什么药物功效呀,小儿复方磺胺二甲嘧啶散可以治疗什么病,1
上呼吸道感染,小儿复方磺胺二甲嘧啶散有什么药物功效呀,小儿复方磺胺二甲嘧啶散是处方药吗,0
上呼吸道感染,小儿复方磺胺二甲嘧啶散有什么药物功效呀,婴幼儿服用小儿复方磺胺二甲嘧啶散有什么副作用,0
上呼吸道感染,小儿复方磺胺二甲嘧啶散有什么药物功效呀,服用小儿复方磺胺二甲嘧啶散有什么禁忌,0
上呼吸道感染,痰多但不咳漱能吃复方桔梗怯咳片吗,不咳嗽但是有痰可以吃复方桔梗怯咳片,1
上呼吸道感染,痰多但不咳漱能吃复方桔梗怯咳片吗,复方桔梗怯咳片可以治疗痰多吗,1
上呼吸道感染,痰多但不咳漱能吃复方桔梗怯咳片吗,复方桔梗怯咳片的主要成分有哪些,0
上呼吸道感染,痰多但不咳漱能吃复方桔梗怯咳片吗,复方桔梗怯咳片的药理作用是什么,0
上呼吸道感染,痰多但不咳漱能吃复方桔梗怯咳片吗,复方桔梗怯咳片是用于寒咳还是热咳,0
上呼吸道感染,2个月小孩支气管炎反复的咳咳不好怎么办,婴幼儿支气管炎反复的咳嗽怎么办,1
上呼吸道感染,2个月小孩支气管炎反复的咳咳不好怎么办,婴幼儿患上支气管炎经常咳嗽怎么办,1
上呼吸道感染,2个月小孩支气管炎反复的咳咳不好怎么办,支气管炎跟肺炎的区别是什么,0
上呼吸道感染,2个月小孩支气管炎反复的咳咳不好怎么办,支气管炎传染吗,0
上呼吸道感染,2个月小孩支气管炎反复的咳咳不好怎么办,患上支气管炎饮食上需要注意哪些,0
上呼吸道感染,反复易发的感冒好不到一周就发作了该怎么办,感冒经常反复发作怎么办,1
上呼吸道感染,反复易发的感冒好不到一周就发作了该怎么办,感冒经常反复发作该用什么药,1
上呼吸道感染,反复易发的感冒好不到一周就发作了该怎么办,感冒反复发作是抵抗力太差吗,0
上呼吸道感染,反复易发的感冒好不到一周就发作了该怎么办,风寒感冒跟风热感冒有什么区别,0
上呼吸道感染,反复易发的感冒好不到一周就发作了该怎么办,感冒反复发作是为什么,0
上呼吸道感染,小孩咳嗽吃了头孢泊肟酯干混剂有用吗,儿童咳嗽服用头孢泊肟酯干混剂可以吗,1
上呼吸道感染,小孩咳嗽吃了头孢泊肟酯干混剂有用吗,头孢泊肟酯干混剂可以治疗儿童咳嗽吗,1
上呼吸道感染,小孩咳嗽吃了头孢泊肟酯干混剂有用吗,孕妇吃了头孢泊肟酯干混剂对胎儿有影响吗,0
上呼吸道感染,小孩咳嗽吃了头孢泊肟酯干混剂有用吗,儿童服用头孢泊肟酯干混剂有副作用吗,0
上呼吸道感染,小孩咳嗽吃了头孢泊肟酯干混剂有用吗,服用头孢泊肟酯干混剂后多久可以给孩子喂奶,0
上呼吸道感染,呼吸道感染好了之后又复发怎么办呢,呼吸道感染好了但是经常复发怎么办,1
上呼吸道感染,呼吸道感染好了之后又复发怎么办呢,呼吸道感染好了后却容易反复怎么办,1
上呼吸道感染,呼吸道感染好了之后又复发怎么办呢,呼吸道感染的症状是什么,0
上呼吸道感染,呼吸道感染好了之后又复发怎么办呢,呼吸道感染会引起咳嗽吗,0
上呼吸道感染,呼吸道感染好了之后又复发怎么办呢,呼吸道感染会引起发烧吗,0
上呼吸道感染,我今天感觉上鄂疼好像是口鼻耳的连通处是怎么回事,感觉上颚疼是怎么回事,1
上呼吸道感染,我今天感觉上鄂疼好像是口鼻耳的连通处是怎么回事,口鼻耳连通着上颚疼是怎么回事,1
上呼吸道感染,我今天感觉上鄂疼好像是口鼻耳的连通处是怎么回事,上颚疼是不是缺乏维生素,0
上呼吸道感染,我今天感觉上鄂疼好像是口鼻耳的连通处是怎么回事,上颚疼是不是不能吃辛辣油腻的食物,0
上呼吸道感染,我今天感觉上鄂疼好像是口鼻耳的连通处是怎么回事,上颚疼吃什么药能好,0
上呼吸道感染,复方氨肽素片可以和紫丹银屑胶囊同吃吗,复方氨肽素片可以和紫丹银屑胶囊一起服用可以吗,1
上呼吸道感染,复方氨肽素片可以和紫丹银屑胶囊同吃吗,紫丹银屑胶囊能同复方氨肽素片一起服用没副作用吧,1
上呼吸道感染,复方氨肽素片可以和紫丹银屑胶囊同吃吗,紫丹银屑胶囊有激素吗,0
上呼吸道感染,复方氨肽素片可以和紫丹银屑胶囊同吃吗,紫丹银屑胶囊是不是中成药,0
上呼吸道感染,复方氨肽素片可以和紫丹银屑胶囊同吃吗,紫丹银屑胶囊是专治什么病的,0
上呼吸道感染,十六味马蔺子丸去普通药店买得到吗,十六味马蔺子丸在普通的药店里面能买到吗,1
上呼吸道感染,十六味马蔺子丸去普通药店买得到吗,普通药店有卖十六味马蔺子丸的吗,1
上呼吸道感染,十六味马蔺子丸去普通药店买得到吗,十六味马蔺子丸对肝脏有伤害吗,0
上呼吸道感染,十六味马蔺子丸去普通药店买得到吗,十六味马蔺子丸一个疗程需要吃几盒,0
上呼吸道感染,十六味马蔺子丸去普通药店买得到吗,十六味马蔺子丸保质期多长时间,0
上呼吸道感染,化癥回生口服液效果怎么样,化癥回生口服液的疗效可以吧,1
上呼吸道感染,化癥回生口服液效果怎么样,化癥回生口服液的效果好吗,1
上呼吸道感染,化癥回生口服液效果怎么样,化癥回生口服液的一只多少毫升,0
上呼吸道感染,化癥回生口服液效果怎么样,孕妇可以喝化癥回生口服液吗,0
上呼吸道感染,化癥回生口服液效果怎么样,服用化癥回生口服液需要注意哪些事项,0
上呼吸道感染,清开灵颗粒的副作用都是些什么,清开灵颗粒的副作用都有哪些,1
上呼吸道感染,清开灵颗粒的副作用都是些什么,清开灵颗粒都有些什么副作用,1
上呼吸道感染,清开灵颗粒的副作用都是些什么,婴幼儿可以服用清开灵颗粒吗,0
上呼吸道感染,清开灵颗粒的副作用都是些什么,清开灵颗粒是专治哪些病症,0
上呼吸道感染,清开灵颗粒的副作用都是些什么,清开灵颗粒是抗病毒药吗,0
上呼吸道感染,服用博祥新雪片后会过敏的吗,服用博祥新雪片后容易过敏呢,1
上呼吸道感染,服用博祥新雪片后会过敏的吗,服用博祥新雪片后会引起过敏吗,1
上呼吸道感染,服用博祥新雪片后会过敏的吗,博祥新雪片是专治什么病的,0
上呼吸道感染,服用博祥新雪片后会过敏的吗,哺乳期间误食了博祥新雪片对孩子有影响吗,0
上呼吸道感染,服用博祥新雪片后会过敏的吗,什么药可以代替博祥新雪片,0
上呼吸道感染,金页黄芩片的厂家是哪里呢售价如何呢,金页黄芪片的生产厂家在哪里价格能接受吗,1
上呼吸道感染,金页黄芩片的厂家是哪里呢售价如何呢,金页黄芪片的厂家在哪里价格贵吗,1
上呼吸道感染,金页黄芩片的厂家是哪里呢售价如何呢,金页黄芪片可以治疗气短乏力吗,0
上呼吸道感染,金页黄芩片的厂家是哪里呢售价如何呢,金页黄芪片是饭前吃还是饭后吃,0
上呼吸道感染,金页黄芩片的厂家是哪里呢售价如何呢,金页黄芪片不能同什么药一起吃,0
上呼吸道感染,惠菲宣愈美片效果如何呢,惠菲宣愈美片的效果有那么好吗,1
上呼吸道感染,惠菲宣愈美片效果如何呢,服用惠菲宣愈美片后的疗效怎样呢,1
上呼吸道感染,惠菲宣愈美片效果如何呢,肾功能障碍者可以服用惠菲宣愈美片吗,0
上呼吸道感染,惠菲宣愈美片效果如何呢,孩子误食了惠菲宣愈美片有事吗,0
上呼吸道感染,惠菲宣愈美片效果如何呢,惠菲宣愈美片能否同感冒清一起服用吗,0
上呼吸道感染,金桥千里光胶囊有没有不良反应呢,服用金桥千里光胶囊会出现致命的不良反应呢,1
上呼吸道感染,金桥千里光胶囊有没有不良反应呢,服用金桥千里光胶囊后会引起什么样的不良反应呢,1
上呼吸道感染,金桥千里光胶囊有没有不良反应呢,金桥千里光胶囊可以治疗湿疹吗,0
上呼吸道感染,金桥千里光胶囊有没有不良反应呢,金桥千里光胶囊有治疗鼻炎的功效吗,0
上呼吸道感染,金桥千里光胶囊有没有不良反应呢,金桥千里光胶囊是什么药材,0
上呼吸道感染,服用伊龙清热解毒口服液后皮肤会发红的吗,服用伊龙清热解毒口服液后会不会引起皮肤发红,1
上呼吸道感染,服用伊龙清热解毒口服液后皮肤会发红的吗,皮肤发红有没有可能是因为服用了伊龙清热解毒口服液,1
上呼吸道感染,服用伊龙清热解毒口服液后皮肤会发红的吗,伊龙清热解毒口服液是不是比别的牌子好,0
上呼吸道感染,服用伊龙清热解毒口服液后皮肤会发红的吗,伊龙清热解毒口服液有没有需要忌口的,0
上呼吸道感染,服用伊龙清热解毒口服液后皮肤会发红的吗,上火了喝伊龙清热解毒口服液有效吗,0
上呼吸道感染,伊龙清热解毒口服液有没有假的呢,市面上有卖假的伊龙清热解毒口服液吗,1
上呼吸道感染,伊龙清热解毒口服液有没有假的呢,伊龙清热解毒口服液会不会买到假的,1
上呼吸道感染,伊龙清热解毒口服液有没有假的呢,孕妇可以喝伊龙清热解毒口服液吗,0
上呼吸道感染,伊龙清热解毒口服液有没有假的呢,女性生理期间可以喝伊龙清热解毒口服液吗,0
上呼吸道感染,伊龙清热解毒口服液有没有假的呢,伊龙清热解毒口服液售价多少,0
上呼吸道感染,伊龙清热解毒口服液主治什么疾病,伊龙清热解毒口服液主要治疗哪些疾病,1
上呼吸道感染,伊龙清热解毒口服液主治什么疾病,什么样的疾病可以服用伊龙清热解毒口服液,1
上呼吸道感染,伊龙清热解毒口服液主治什么疾病,伊龙清热解毒口服液一盒多少支,0
上呼吸道感染,伊龙清热解毒口服液主治什么疾病,伊龙清热解毒口服液是非处方药吗,0
上呼吸道感染,伊龙清热解毒口服液主治什么疾病,伊龙清热解毒口服液跟双黄连口服液是一样的药性吗,0
上呼吸道感染,伊龙清热解毒口服液作用效果大吗,服用伊龙清热解毒口服液能起到什么样的效果,1
上呼吸道感染,伊龙清热解毒口服液作用效果大吗,伊龙清热解毒口服液的效果好吗,1
上呼吸道感染,伊龙清热解毒口服液作用效果大吗,儿童服用伊龙清热解毒口服液一次多少毫升,0
上呼吸道感染,伊龙清热解毒口服液作用效果大吗,儿童服用伊龙清热解毒口服液一天几次,0
上呼吸道感染,伊龙清热解毒口服液作用效果大吗,哺乳期上火可以服用伊龙清热解毒口服液吗,0
上呼吸道感染,九龙清热解毒口服液比较好吗,跟别的牌子相比是不是九龙清热解毒口服液比较好,1
上呼吸道感染,九龙清热解毒口服液比较好吗,九龙清热解毒口服液是不是最好的,1
上呼吸道感染,九龙清热解毒口服液比较好吗,九龙清热解毒口服液里面含有雄黄吗,0
上呼吸道感染,九龙清热解毒口服液比较好吗,九龙清热解毒口服液可以治疗咽喉炎吗,0
上呼吸道感染,九龙清热解毒口服液比较好吗,九龙清热解毒口服液的功效是什么,0
上呼吸道感染,九龙清热解毒口服液会过敏的吗,服用九龙清热解毒口服液会不会引起过敏症状,1
上呼吸道感染,九龙清热解毒口服液会过敏的吗,过敏是因为喝了九龙清热解毒口服液吗,1
上呼吸道感染,九龙清热解毒口服液会过敏的吗,九龙清热解毒口服液里面有党参吗,0
上呼吸道感染,九龙清热解毒口服液会过敏的吗,九龙清热解毒口服液的有效期是多长时间,0
上呼吸道感染,九龙清热解毒口服液会过敏的吗,发烧可以喝九龙清热解毒口服液吗,0
上呼吸道感染,九龙清热解毒口服液有什么作用成分,九龙清热解毒口服液的成分组成有哪些,1
上呼吸道感染,九龙清热解毒口服液有什么作用成分,九龙清热解毒口服液主要是什么成分组成的,1
上呼吸道感染,九龙清热解毒口服液有什么作用成分,九龙清热解毒口服液跟板蓝根一样吗,0
上呼吸道感染,九龙清热解毒口服液有什么作用成分,九龙清热解毒口服液是中成药吗,0
上呼吸道感染,九龙清热解毒口服液有什么作用成分,九龙清热解毒口服液售价多少,0
上呼吸道感染,新四方清热解毒口服液是西药吗主治什么呢,新四方清热解毒口服液是不是西药呢主要治疗什么病,1
上呼吸道感染,新四方清热解毒口服液是西药吗主治什么呢,什么病可以用新四方清热解毒口服液,1
上呼吸道感染,新四方清热解毒口服液是西药吗主治什么呢,新四方清热解毒口服液能在普通药店买到吗,0
上呼吸道感染,新四方清热解毒口服液是西药吗主治什么呢,新四方清热解毒口服液的厂家在哪里,0
上呼吸道感染,新四方清热解毒口服液是西药吗主治什么呢,服用新四方清热解毒口服液可以喝酒吗,0
上呼吸道感染,阿莫西林胶囊怎么吃,阿莫西林胶囊的用法用量是多少,1
上呼吸道感染,阿莫西林胶囊怎么吃,可以告知一下阿莫西林胶囊的用法用量吗,1
上呼吸道感染,阿莫西林胶囊怎么吃,阿莫西林胶囊是消炎药吗,0
上呼吸道感染,阿莫西林胶囊怎么吃,服用阿莫西林胶囊可以喝酒吗,0
上呼吸道感染,阿莫西林胶囊问怎么吃,服用阿莫西林胶囊后可以怀孕吗,0
上呼吸道感染,饭前吃阿莫西林胶囊 饭后吃感康可以吗,饭钱吃了阿莫西林胶囊还能在饭后接着吃感康吗,1
上呼吸道感染,饭前吃阿莫西林胶囊 饭后吃感康可以吗,饭前吃阿莫西林饭后吃感康这样冲突吗,1
上呼吸道感染,饭前吃阿莫西林胶囊 饭后吃感康可以吗,感康是不是感冒药呢,0
上呼吸道感染,饭前吃阿莫西林胶囊 饭后吃感康可以吗,大家都说感康的副作用大真的吗,0
上呼吸道感染,饭前吃阿莫西林胶囊 饭后吃感康可以吗,咳嗽可以吃感康吗,0
上呼吸道感染,丰鹿牌百咳静糖浆是正品药吗,丰鹿牌百咳静糖浆有安全保障吗,1
上呼吸道感染,丰鹿牌百咳静糖浆是正品药吗,丰鹿牌百咳静糖浆质量有保障吗,1
上呼吸道感染,丰鹿牌百咳静糖浆是正品药吗,痰多可以喝丰鹿牌百咳静糖浆吗,0
上呼吸道感染,丰鹿牌百咳静糖浆是正品药吗,丰鹿牌百咳静糖浆是专治咳嗽的吗,0
上呼吸道感染,丰鹿牌百咳静糖浆是正品药吗,丰鹿牌百咳静糖浆有哪些成分,0
上呼吸道感染,孕妇咳嗽的时候喝泻白糖浆有没有用,孕妇咳嗽的厉害可以喝泻白糖浆吗,1
上呼吸道感染,孕妇咳嗽的时候喝泻白糖浆有没有用,泻白糖浆治疗孕妇咳嗽有没有用,1
上呼吸道感染,孕妇咳嗽的时候喝泻白糖浆有没有用,服用泻白糖浆需要注意哪些事项,0
上呼吸道感染,孕妇咳嗽的时候喝泻白糖浆有没有用,泻白糖浆是违禁药物吗,0
上呼吸道感染,孕妇咳嗽的时候喝泻白糖浆有没有用,肺结核患者可以服用泻白糖浆吗,0
上呼吸道感染,兆康金莲花胶囊的价格到底是多少,药店里面兆康金莲花胶囊的售价是多少,1
上呼吸道感染,兆康金莲花胶囊的价格到底是多少,兆康金莲花胶囊什么价格,1
上呼吸道感染,兆康金莲花胶囊的价格到底是多少,高血压患者能服用兆康金莲花胶囊吗,0
上呼吸道感染,兆康金莲花胶囊的价格到底是多少,兆康金莲花胶囊和金银花的功效一样吗,0
上呼吸道感染,兆康金莲花胶囊的价格到底是多少,扁桃体发炎可以服用兆康金莲花胶囊吗,0
上呼吸道感染,葫芦兄弟阿奇霉素干混悬剂效果明显吗,患上肺炎用葫芦兄弟阿奇霉素干混悬剂效果怎么样,1
上呼吸道感染,葫芦兄弟阿奇霉素干混悬剂效果明显吗,葫芦兄弟阿奇霉素干混悬剂治疗中耳炎有效果吗,1
上呼吸道感染,葫芦兄弟阿奇霉素干混悬剂效果明显吗,葫芦兄弟阿奇霉素干混悬剂对肠胃有刺激吗,0
上呼吸道感染,葫芦兄弟阿奇霉素干混悬剂效果明显吗,葫芦兄弟阿奇霉素干混悬剂是正品药吗,0
上呼吸道感染,葫芦兄弟阿奇霉素干混悬剂效果明显吗,服用葫芦兄弟阿奇霉素干混悬剂饮食上需要注意什么,0
上呼吸道感染,葫芦兄弟阿奇霉素干混悬剂好用吗,葫芦兄弟阿奇霉素干混悬剂对于治疗咽炎真的有那么好用吗,1
上呼吸道感染,葫芦兄弟阿奇霉素干混悬剂好用吗,葫芦兄弟阿奇霉素干混悬剂治疗支气管炎真的好用吗,1
上呼吸道感染,葫芦兄弟阿奇霉素干混悬剂好用吗,葫芦兄弟阿奇霉素干混悬剂一盒有多少袋,0
上呼吸道感染,葫芦兄弟阿奇霉素干混悬剂好用吗,服用葫芦兄弟阿奇霉素干混悬剂有副作用吗,0
上呼吸道感染,葫芦兄弟阿奇霉素干混悬剂好用吗,葫芦兄弟阿奇霉素干混悬剂一个疗程需要多少盒,0
上呼吸道感染,葫芦兄弟阿奇霉素干混悬剂不良反应大吗,服用葫芦兄弟阿奇霉素干混悬剂后出现恶心呕吐是不良反应吗,1
上呼吸道感染,葫芦兄弟阿奇霉素干混悬剂不良反应大吗,服用后葫芦兄弟阿奇霉素干混悬剂会出现哪些不良反应,1
上呼吸道感染,葫芦兄弟阿奇霉素干混悬剂不良反应大吗,婴幼儿能服用葫芦兄弟阿奇霉素干混悬剂吗,0
上呼吸道感染,葫芦兄弟阿奇霉素干混悬剂不良反应大吗,婴幼儿服用葫芦兄弟阿奇霉素干混悬剂饮食上需要注意什么,0
上呼吸道感染,葫芦兄弟阿奇霉素干混悬剂不良反应大吗,葫芦兄弟阿奇霉素干混悬剂对于治疗病毒感染有用吗,0
上呼吸道感染,我家宝宝俩月了鼻塞连着喝了九包护彤有用吗,六个月的宝宝鼻子不通顺喝了护彤有用吗,1
上呼吸道感染,我家宝宝俩月了鼻塞连着喝了九包护彤有用吗,护彤可以治疗宝宝鼻塞吗,1
上呼吸道感染,我家宝宝俩月了鼻塞连着喝了九包护彤有用吗,护彤和布洛芬可以一起服用吗,0
上呼吸道感染,我家宝宝俩月了鼻塞连着喝了九包护彤有用吗,护彤和小葵花哪个比较好,0
上呼吸道感染,我家宝宝俩月了鼻塞连着喝了九包护彤有用吗,护彤为什么被禁用了,0
上呼吸道感染,复方甘草口服溶液咳嗽有痰效果如何呢,咳嗽有痰可以服用复方甘草口服溶液吗,1
上呼吸道感染,复方甘草口服溶液咳嗽有痰效果如何呢,复方甘草口服溶液是专治咳嗽有痰的症状吗,1
上呼吸道感染,复方甘草口服溶液咳嗽有痰效果如何呢,复方甘草口服溶液可以长期服用吗,0
上呼吸道感染,复方甘草口服溶液咳嗽有痰效果如何呢,酒精过敏者可以用复方甘草口服溶液吗,0
上呼吸道感染,复方甘草口服溶液咳嗽有痰效果如何呢,儿童能用复方甘草口服溶液吗,0
上呼吸道感染,如何才能让自己不感冒呢,需要哪些保护措施能让自己不感冒呢,1
上呼吸道感染,如何才能让自己不感冒呢,淋雨后怎样能让自己不感冒,1
上呼吸道感染,如何才能让自己不感冒呢,感冒后吃什么药能好,0
上呼吸道感染,如何才能让自己不感冒呢,感冒有什么症状,0
上呼吸道感染,如何才能让自己不感冒呢,感冒的别名是不是上呼吸道感染,0
上呼吸道感染,感冒了可以同时吃阿莫西林胶囊和感叹号吗,感冒后同吃阿莫西林胶囊和感叹号有副作用吗,1
上呼吸道感染,感冒了可以同时吃阿莫西林胶囊和感叹号吗,阿莫西林胶囊和感叹号一起吃可以治疗感冒吗,1
上呼吸道感染,感冒了可以同时吃阿莫西林胶囊和感叹号吗,阿莫西林胶囊和感叹号的药性相同吗,0
上呼吸道感染,感冒了可以同时吃阿莫西林胶囊和感叹号吗,感叹号和白加黑哪个效果好,0
上呼吸道感染,感冒了可以同时吃阿莫西林胶囊和感叹号吗,感叹号里面含头孢吗,0
上呼吸道感染,总是干咳晚上比较严重用哪种药物可以康复,晚上干咳很严重吃什么药效果好,1
上呼吸道感染,总是干咳晚上比较严重用哪种药物可以康复,晚上干咳很严重吃什么药可以快速康复,1
上呼吸道感染,总是干咳晚上比较严重用哪种药物可以康复,干咳无痰怎么回事,0
上呼吸道感染,总是干咳晚上比较严重用哪种药物可以康复,什么原因引起的干咳,0
上呼吸道感染,总是干咳晚上比较严重用哪种药物可以康复,干咳吐血了会致命吗,0
上呼吸道感染,高血压患者服用伤风停胶囊治疗伤风感冒可以吗,高血压患者伤风感冒用伤风停胶囊有危险吗,1
上呼吸道感染,高血压患者服用伤风停胶囊治疗伤风感冒可以吗,伤风停胶囊可以治疗高血压患者的伤风感冒吗,1
上呼吸道感染,高血压患者服用伤风停胶囊治疗伤风感冒可以吗,高血压患者能喝酒吗,0
上呼吸道感染,高血压患者服用伤风停胶囊治疗伤风感冒可以吗,高血压患者不能吃什么,0
上呼吸道感染,高血压患者服用伤风停胶囊治疗伤风感冒可以吗,高血压患者的症状是什么,0
上呼吸道感染,上呼吸道支原体衣原体感染怎么吃阿奇霉素,阿奇霉素可以治疗上呼吸道支原体感染吗,1
上呼吸道感染,上呼吸道支原体衣原体感染怎么吃阿奇霉素,上呼吸道支原体感染吃阿奇霉素能治好吗,1
上呼吸道感染,上呼吸道支原体衣原体感染怎么吃阿奇霉素,上呼吸道支原体感染是什么引起的,0
上呼吸道感染,上呼吸道支原体衣原体感染怎么吃阿奇霉素,孕妇可以服用阿奇霉素吗,0
上呼吸道感染,上呼吸道支原体衣原体感染怎么吃阿奇霉素,阿奇霉素是消炎药吗,0
上呼吸道感染,咳嗽老是不好总是反反复复咳得难受怎么办,咳嗽总是反复怎么回事,1
上呼吸道感染,咳嗽老是不好总是反反复复咳得难受怎么办,咳嗽得难受用什么办法可以缓解症状,1
上呼吸道感染,咳嗽老是不好总是反反复复咳得难受怎么办,咳嗽熬梨水有效果吗,0
上呼吸道感染,咳嗽老是不好总是反反复复咳得难受怎么办,咳嗽会发展成肺炎吗,0
上呼吸道感染,咳嗽老是不好总是反反复复咳得难受怎么办,咳嗽是因为感冒了吗,0
上呼吸道感染,柴胡注射液可以与双黄连注射液同时肌注吗,柴胡注射液与双黄连注射液同时肌肉注射会有危险吗,1
上呼吸道感染,柴胡注射液可以与双黄连注射液同时肌注吗,双黄连注射液和柴胡注射液一起肌肉注射会有副作用吗,1
上呼吸道感染,柴胡注射液可以与双黄连注射液同时肌注吗,双黄连注射液和柴胡注射液是一样的药效吗,0
上呼吸道感染,柴胡注射液可以与双黄连注射液同时肌注吗,婴幼儿可以用双黄连注射液吗,0
上呼吸道感染,柴胡注射液可以与双黄连注射液同时肌注吗,用过柴胡注射液后婴儿可以打预防针吗,0
上呼吸道感染,阿莫西林胶囊联邦阿莫仙有效期多长时间呢,阿莫西林胶囊联邦阿莫仙可以保存多长时间,1
上呼吸道感染,阿莫西林胶囊联邦阿莫仙有效期多长时间呢,阿莫西林胶囊联邦阿莫仙有保质期吗,1
上呼吸道感染,阿莫西林胶囊联邦阿莫仙有效期多长时间呢,阿莫西林胶囊联邦阿莫仙和阿莫西林有什么区别,0
上呼吸道感染,阿莫西林胶囊联邦阿莫仙有效期多长时间呢,阿莫西林胶囊联邦阿莫仙是专治什么病的,0
上呼吸道感染,阿莫西林胶囊联邦阿莫仙有效期多长时间呢,服用阿莫西林胶囊联邦阿莫仙需要忌口吗,0
上呼吸道感染,复方甘草口服溶液如果孕妇食用了会怎么样,孕妇可以服用复方甘草口服液吗,1
上呼吸道感染,复方甘草口服溶液如果孕妇食用了会怎么样,孕妇如果服用了复方甘草口服液会有哪些症状,1
上呼吸道感染,复方甘草口服溶液如果孕妇食用了会怎么样,复方甘草口服液一盒多少支,0
上呼吸道感染,复方甘草口服溶液如果孕妇食用了会怎么样,复方甘草口服液一个疗程需要喝几盒,0
上呼吸道感染,复方甘草口服溶液如果孕妇食用了会怎么样,复方甘草口服液是中药吗,0
上呼吸道感染,粉尘螨滴剂和中成药之类的可以同时用吗,粉尘螨滴剂和中成药一起服用会有什么危害,1
上呼吸道感染,粉尘螨滴剂和中成药之类的可以同时用吗,中成药可以和粉尘螨滴剂一起服用吗,1
上呼吸道感染,粉尘螨滴剂和中成药之类的可以同时用吗,哪些药属于是中成药,0
上呼吸道感染,粉尘螨滴剂和中成药之类的可以同时用吗,粉尘螨滴剂是干什么用的,0
上呼吸道感染,粉尘螨滴剂和中成药之类的可以同时用吗,粉尘螨滴剂是处方药吗,0
上呼吸道感染,怎样感谢复方甘草口服溶液,感谢复方甘草口服溶液治好我的病,1
上呼吸道感染,怎样感谢复方甘草口服溶液,复方甘草口服溶液确实很管用,1
上呼吸道感染,怎样感谢复方甘草口服溶液,婴幼儿服用复方甘草口服溶液有副作用吗,0
上呼吸道感染,怎样感谢复方甘草口服溶液,复方甘草口服溶液主治什么病症,0
上呼吸道感染,怎样感谢复方甘草口服溶液,喝酒后可以服用复方甘草口服溶液吗,0
上呼吸道感染,复方甘草口服溶液适合什么人群使用,复方甘草口服溶液适用人群有哪些,1
上呼吸道感染,复方甘草口服溶液适合什么人群使用,复方甘草口服溶液可以给哪些人服用,1
上呼吸道感染,复方甘草口服溶液适合什么人群使用,复方甘草口服溶液可以治疗咳嗽吗,0
上呼吸道感染,复方甘草口服溶液适合什么人群使用,复方甘草口服溶液是甜的还是苦的,0
上呼吸道感染,复方甘草口服溶液适合什么人群使用,三岁的孩子服用复方甘草口服溶液一次多少毫升,0
上呼吸道感染,复方甘草口服溶液具体该怎么用谢谢,复方甘草口服溶液具体用法用量是多少,1
上呼吸道感染,复方甘草口服溶液具体该怎么用谢谢,正确服用复方甘草口服溶液的方法是什么,1
上呼吸道感染,复方甘草口服溶液具体该怎么用谢谢,喉咙有痰可以喝复方甘草口服溶液吗,0
上呼吸道感染,复方甘草口服溶液具体该怎么用谢谢,复方甘草口服溶液的主要成分是什么,0
上呼吸道感染,复方甘草口服溶液具体该怎么用谢谢,哺乳期间可以喝复方甘草口服溶液吗,0
上呼吸道感染,喉康散刚刚满2周岁的小孩能使用吗,18个月的孩子可以用喉康散吗,1
上呼吸道感染,喉康散刚刚满2周岁的小孩能使用吗,喉康散可以给儿童使用吗,1
上呼吸道感染,喉康散刚刚满2周岁的小孩能使用吗,喉康散和西瓜霜哪个比较好用,0
上呼吸道感染,喉康散刚刚满2周岁的小孩能使用吗,喉康散主治什么病,0
上呼吸道感染,喉康散刚刚满2周岁的小孩能使用吗,喉康散可以治疗空腔溃疡吗,0
上呼吸道感染,一开始嗓子痛吃了些感冒药感康可以吗,嗓子痛吃感康有用吗,1
上呼吸道感染,一开始嗓子痛吃了些感冒药感康可以吗,感康可以治疗嗓子痛吗,1
上呼吸道感染,一开始嗓子痛吃了些感冒药感康可以吗,感康和999感冒灵药效一样吗,0
上呼吸道感染,一开始嗓子痛吃了些感冒药感康可以吗,服用感康有什么副作用,0
上呼吸道感染,一开始嗓子痛吃了些感冒药感康可以吗,感康是饭前吃还是饭后吃呢,0
上呼吸道感染,想要小孩能吃尼美舒利吗,备孕期间可以吃尼美舒利吗,1
上呼吸道感染,想要小孩能吃尼美舒利吗,备孕期间吃尼美舒利对胎儿有什么影响,1
上呼吸道感染,想要小孩能吃尼美舒利吗,为什么医生不建议用尼美舒利,0
上呼吸道感染,想要小孩能吃尼美舒利吗,尼美舒利是退烧药吗,0
上呼吸道感染,想要小孩能吃尼美舒利吗,尼美舒利的主要成分是什么,0
上呼吸道感染,小宝长牙反复发烧怎么办,宝宝长牙期间总是起发烧怎么回事,1
上呼吸道感染,小宝长牙反复发烧怎么办,宝宝长牙期间发烧了怎么治,1
上呼吸道感染,小宝长牙反复发烧怎么办,宝宝长牙期间会有哪些表现,0
上呼吸道感染,小宝长牙反复发烧怎么办,宝宝长牙期间爱咬乳头怎么回事,0
上呼吸道感染,小宝长牙反复发烧怎么办,宝宝长牙期间为什么总爱哭闹,0
上呼吸道感染,喉咙痛上火请问有什么好的方法能治愈吗,喉咙上火用什么药可以治愈,1
上呼吸道感染,喉咙痛上火请问有什么好的方法能治愈吗,吃什么药能治疗喉咙痛,1
上呼吸道感染,喉咙痛上火请问有什么好的方法能治愈吗,喉咙痛不可以吃什么食物,0
上呼吸道感染,喉咙痛上火请问有什么好的方法能治愈吗,喉咙痛是什么引起的,0
上呼吸道感染,喉咙痛上火请问有什么好的方法能治愈吗,喉咙痛是上呼吸道感染了吗,0
上呼吸道感染,阿莫西林吃了会怎么样,吃了阿莫西林会有啥反应,1
上呼吸道感染,阿莫西林吃了会怎么样,服用阿莫西林颗粒后有什么生理反应,1
上呼吸道感染,阿莫西林吃了会怎么样,阿莫西林一盒有多少粒,0
上呼吸道感染,阿莫西林吃了会怎么样,阿莫西林是不是抗生素,0
上呼吸道感染,阿莫西林吃了会怎么样,阿莫西林一粒是多少克,0
上呼吸道感染,四十岁牙龈出血众生丸有用吗,牙龈出血吃众生丸有什么用处,1
上呼吸道感染,四十岁牙龈出血众生丸有用吗,众生丸可以治疗牙龈出血的症状吗,1
上呼吸道感染,四十岁牙龈出血众生丸有用吗,为什么香港禁卖众生丸,0
上呼吸道感染,四十岁牙龈出血众生丸有用吗,众生丸的售价是多少,0
上呼吸道感染,四十岁牙龈出血众生丸有用吗,众生丸的副作用有哪些,0
上呼吸道感染,匹多莫德分散片和口服液哪个效果好,匹多莫德分散片和口服液疗效有什么不同,1
上呼吸道感染,匹多莫德分散片和口服液哪个效果好,匹多莫德分散片和口服液哪个用起来比较好,1
上呼吸道感染,匹多莫德分散片和口服液哪个效果好,匹多莫德分散片可以提高免疫力吗,0
上呼吸道感染,匹多莫德分散片和口服液哪个效果好,匹多莫德分散片的功效是什么,0
上呼吸道感染,匹多莫德分散片和口服液哪个效果好,匹多莫德分散片属于中药吗,0
上呼吸道感染,小孩子可以吃灵泰邦尼吗剂量是多少,儿童可以吃灵泰邦尼吗一次需要吃多少,1
上呼吸道感染,小孩子可以吃灵泰邦尼吗剂量是多少,小孩子服用灵泰邦尼吃多少合适,1
上呼吸道感染,小孩子可以吃灵泰邦尼吗剂量是多少,灵泰邦尼是治什么病的,0
上呼吸道感染,小孩子可以吃灵泰邦尼吗剂量是多少,灵泰邦尼可以长期服用吗,0
上呼吸道感染,小孩子可以吃灵泰邦尼吗剂量是多少,服用灵泰邦尼会引起过敏吗,0
上呼吸道感染,用灵泰邦尼治疗上呼吸道感染有用吗,上呼吸道感染用灵泰邦尼有效果吗,1
上呼吸道感染,用灵泰邦尼治疗上呼吸道感染有用吗,灵泰邦尼可以治疗上呼吸道感染吗,1
上呼吸道感染,用灵泰邦尼治疗上呼吸道感染有用吗,灵泰邦尼的副作用是什么,0
上呼吸道感染,用灵泰邦尼治疗上呼吸道感染有用吗,灵泰邦尼是抗炎药吗,0
上呼吸道感染,用灵泰邦尼治疗上呼吸道感染有用吗,灵泰邦尼可以和阿司匹林一起服用吗,0
上呼吸道感染,医生给我儿子拿的复方蛤青的注射液怎么样,复方蛤青注射液效果怎么样,1
上呼吸道感染,医生给我儿子拿的复方蛤青的注射液怎么样,复方蛤青注射液功能如何,1
上呼吸道感染,医生给我儿子拿的复方蛤青的注射液怎么样,复方蛤青注射液是中成药吗,0
上呼吸道感染,医生给我儿子拿的复方蛤青的注射液怎么样,复方蛤青注射液和复方蛤青胶囊有什么区别,0
上呼吸道感染,医生给我儿子拿的复方蛤青的注射液怎么样,复方蛤青是什么颜色的液体,0
上呼吸道感染,小儿咳喘灵口服液怎么样有什么效果,咳喘灵口服液专治什么病症,1
上呼吸道感染,小儿咳喘灵口服液怎么样有什么效果,咳喘灵口服液的功效如何,1
上呼吸道感染,小儿咳喘灵口服液怎么样有什么效果,服用咳喘灵口服液有什么禁忌,0
上呼吸道感染,小儿咳喘灵口服液怎么样有什么效果,儿童服用咳喘灵口服液一天几次,0
上呼吸道感染,小儿咳喘灵口服液怎么样有什么效果,孕妇可以服用咳喘灵口服液吗,0
上呼吸道感染,医生你好流黄鼻涕67天吃了阿莫西林胶囊有效果吗,阿莫西林胶囊可以治疗黄鼻涕吗,1
上呼吸道感染,医生你好流黄鼻涕67天吃了阿莫西林胶囊有效果吗,流黄鼻涕可以服用阿莫西林胶囊吗,1
上呼吸道感染,医生你好流黄鼻涕67天吃了阿莫西林胶囊有效果吗,流黄鼻涕是鼻炎的症状吗,0
上呼吸道感染,医生你好流黄鼻涕67天吃了阿莫西林胶囊有效果吗,流黄鼻炎是因为鼻腔内感染了吗,0
上呼吸道感染,医生你好流黄鼻涕67天吃了阿莫西林胶囊有效果吗,黄鼻涕和清鼻涕的区别在什么地方,0
上呼吸道感染,单硝酸异山梨酯缓释片去哪里买呢,单硝酸异山梨酯缓释片在普通药店可以买到吗,1
上呼吸道感染,单硝酸异山梨酯缓释片去哪里买呢,单硝酸异山梨酯缓释片容易买到吗,1
上呼吸道感染,单硝酸异山梨酯缓释片去哪里买呢,单硝酸异山梨酯缓释片可以治疗冠心病吗,0
上呼吸道感染,单硝酸异山梨酯缓释片去哪里买呢,过敏性体质可以服用单硝酸异山梨酯缓释片,0
上呼吸道感染,单硝酸异山梨酯缓释片去哪里买呢,服用单硝酸异山梨酯缓释片需要注意哪些事项,0
上呼吸道感染,恒瑞克拉霉素缓释片的作用成分是什么药物,恒瑞克拉霉素缓释片的主要成分是克拉霉素吗,1
上呼吸道感染,恒瑞克拉霉素缓释片的作用成分是什么药物,恒瑞克拉霉素缓释片的药物成分有哪些，是干什么用的,1
上呼吸道感染,恒瑞克拉霉素缓释片的作用成分是什么药物,服用恒瑞克拉霉素缓释片有什么禁忌吗,0
上呼吸道感染,恒瑞克拉霉素缓释片的作用成分是什么药物,恒瑞克拉霉素缓释片的厂家在哪里,0
上呼吸道感染,恒瑞克拉霉素缓释片的作用成分是什么药物,恒瑞克拉霉素缓释片是中成药吗,0
上呼吸道感染,克拉霉素缓释片和克拉霉素片的区别是什么,克拉霉素缓释片和克拉霉素片的功效有什么不同,1
上呼吸道感染,克拉霉素缓释片和克拉霉素片的区别是什么,克拉霉素缓释片和克拉霉素片的作用有什么不同,1
上呼吸道感染,克拉霉素缓释片和克拉霉素片的区别是什么,克拉霉素缓释片和克拉霉素片一起服用会有什么副作用,0
上呼吸道感染,克拉霉素缓释片和克拉霉素片的区别是什么,克拉霉素缓释片一片多少克,0
上呼吸道感染,克拉霉素缓释片和克拉霉素片的区别是什么,哺乳期妇女可以服用克拉霉素缓释片吗,0
上呼吸道感染,顺尔宁孟鲁司特钠颗粒的效果如何,顺尔宁孟鲁司特钠颗粒治疗哮喘的效果如何,1
上呼吸道感染,顺尔宁孟鲁司特钠颗粒的效果如何,顺尔宁孟鲁司特钠颗粒治疗过敏性鼻炎效果如何,1
上呼吸道感染,顺尔宁孟鲁司特钠颗粒的效果如何,顺尔宁孟鲁司特钠颗粒的副作用是不是很多,0
上呼吸道感染,顺尔宁孟鲁司特钠颗粒的效果如何,顺尔宁孟鲁司特钠颗粒为什么要睡前吃,0
上呼吸道感染,顺尔宁孟鲁司特钠颗粒的效果如何,顺尔宁孟鲁司特钠颗粒和平奇有什么区别,0
上呼吸道感染,您好干咳无痰适合吃通宣理肺丸吗,通宣理肺丸治疗干咳无痰吗,1
上呼吸道感染,您好干咳无痰适合吃通宣理肺丸吗,干咳无痰吃通宣理肺丸效果如何,1
上呼吸道感染,您好干咳无痰适合吃通宣理肺丸吗,肺结核患者可以吃通宣理肺丸吗,0
上呼吸道感染,您好干咳无痰适合吃通宣理肺丸吗,通宣理肺丸的禁忌有哪些,0
上呼吸道感染,您好干咳无痰适合吃通宣理肺丸吗,长期服用通宣理肺丸有什么副作用,0
上呼吸道感染,小孩6岁干咳他服用复方桔梗止咳片可以吗,儿童干咳服用复方桔梗止咳片有效果吗,1
上呼吸道感染,小孩6岁干咳他服用复方桔梗止咳片可以吗,服用复方桔梗止咳片可以治疗干咳吗,1
上呼吸道感染,小孩6岁干咳他服用复方桔梗止咳片可以吗,复方桔梗止咳片的售价是多少,0
上呼吸道感染,小孩6岁干咳他服用复方桔梗止咳片可以吗,复方桔梗止咳片主要成分里面有甘草吗,0
上呼吸道感染,小孩6岁干咳他服用复方桔梗止咳片可以吗,复方桔梗止咳片是中药还是西药呢,0
上呼吸道感染,过期的化痰消咳片对感冒咳嗽还有作用吗,已经过期的化痰消咳片还能治疗感冒咳嗽吗,1
上呼吸道感染,过期的化痰消咳片对感冒咳嗽还有作用吗,感冒咳嗽服用了过期的化痰消咳片还会有效果吗,1
上呼吸道感染,过期的化痰消咳片对感冒咳嗽还有作用吗,孕妇误食用了化痰消咳片对胎儿有影响吗,0
上呼吸道感染,过期的化痰消咳片对感冒咳嗽还有作用吗,化痰消咳片和清肺化痰丸的功效相同吗,0
上呼吸道感染,过期的化痰消咳片对感冒咳嗽还有作用吗,用什么样的方法去鉴别化痰消咳片,0
上呼吸道感染,孕妇有上呼吸道感染可以服用化痰消咳片吗,孕妇服用化痰消咳片治疗上呼吸道感染可以吗,1
上呼吸道感染,孕妇有上呼吸道感染可以服用化痰消咳片吗,孕妇患有上呼吸道感染服用化痰消咳片有什么副作用,1
上呼吸道感染,孕妇有上呼吸道感染可以服用化痰消咳片吗,化痰消咳片是中药还是西药,0
上呼吸道感染,孕妇有上呼吸道感染可以服用化痰消咳片吗,化痰消咳片一盒多少片,0
上呼吸道感染,孕妇有上呼吸道感染可以服用化痰消咳片吗,可以长期服用化痰消咳片吗,0
上呼吸道感染,用化痰消咳片治疗感冒咳嗽一天要吃几次呢,感冒咳嗽服用化痰消咳片一天需要吃多少,1
上呼吸道感染,用化痰消咳片治疗感冒咳嗽一天要吃几次呢,感冒咳嗽服用化痰消咳片一天吃几次一次吃几片,1
上呼吸道感染,用化痰消咳片治疗感冒咳嗽一天要吃几次呢,化痰消咳片在医保范围内吗,0
上呼吸道感染,用化痰消咳片治疗感冒咳嗽一天要吃几次呢,化痰消咳片在普通药店可以买到吗,0
上呼吸道感染,用化痰消咳片治疗感冒咳嗽一天要吃几次呢,嗓子疼可以吃化痰消咳片吗,0
上呼吸道感染,一岁的小朋友能够服用复方甘草口服液的吗,婴幼儿可以服用复方甘草口服液吗,1
上呼吸道感染,一岁的小朋友能够服用复方甘草口服液的吗,11月的宝宝服用复方甘草口服液有副作用吗,1
上呼吸道感染,一岁的小朋友能够服用复方甘草口服液的吗,复方甘草口服液是什么颜色的液体,0
上呼吸道感染,一岁的小朋友能够服用复方甘草口服液的吗,复方甘草口服液的有效期是多久,0
上呼吸道感染,一岁的小朋友能够服用复方甘草口服液的吗,过期的复方甘草口服液还能服用吗,0
上呼吸道感染,请问三联疗法的甲硝锉阿莫西林胶囊怎么样,三联疗法的甲硝锉阿莫西林胶囊功效好吗,1
上呼吸道感染,请问三联疗法的甲硝锉阿莫西林胶囊怎么样,三联疗法的甲硝锉阿莫西林胶囊效果如何,1
上呼吸道感染,请问三联疗法的甲硝锉阿莫西林胶囊怎么样,三联疗法的甲硝锉阿莫西林胶囊和阿莫西林胶囊有什么区别,0
上呼吸道感染,请问三联疗法的甲硝锉阿莫西林胶囊怎么样,儿童可以服用三联疗法的甲硝锉阿莫西林胶囊吗,0
上呼吸道感染,请问三联疗法的甲硝锉阿莫西林胶囊怎么样,三联疗法的甲硝锉阿莫西林胶囊的成分有哪些,0
上呼吸道感染,咳嗽喉咙有痰去了医院医院开了回春散可以吗,回春散可以治疗咳嗽痰多吗,1
上呼吸道感染,咳嗽喉咙有痰去了医院医院开了回春散可以吗,咳嗽痰多吃回春散效果如何,1
上呼吸道感染,咳嗽喉咙有痰去了医院医院开了回春散可以吗,回春散对婴幼儿有哪些危害,0
上呼吸道感染,咳嗽喉咙有痰去了医院医院开了回春散可以吗,回春散哪个牌子的效果好,0
上呼吸道感染,咳嗽喉咙有痰去了医院医院开了回春散可以吗,回春散的主要成分含有人工麝香吗,0
上呼吸道感染,龙鹿丸太补吃了嗓子疼怎么办,吃了太多的龙鹿丸导致嗓子疼该怎么办,1
上呼吸道感染,龙鹿丸太补吃了嗓子疼怎么办,龙鹿丸吃了嗓子疼是什么情况,1
上呼吸道感染,龙鹿丸太补吃了嗓子疼怎么办,龙鹿丸吃多长时间才会有效果,0
上呼吸道感染,龙鹿丸太补吃了嗓子疼怎么办,龙鹿丸主治什么病,0
上呼吸道感染,龙鹿丸太补吃了嗓子疼怎么办,龙鹿丸适用于哪些人群,0
上呼吸道感染,您好这里卖的阿莫西林胶囊有质量保证吗,网上卖的阿莫西林胶囊有保障吗,1
上呼吸道感染,您好这里卖的阿莫西林胶囊有质量保证吗,药店卖的阿莫西林胶囊是正品吗,1
上呼吸道感染,您好这里卖的阿莫西林胶囊有质量保证吗,阿莫西林胶囊适用于哪些人群,0
上呼吸道感染,您好这里卖的阿莫西林胶囊有质量保证吗,成人服用阿莫西林胶囊一天需要几次,0
上呼吸道感染,您好这里卖的阿莫西林胶囊有质量保证吗,儿童服用阿莫西林胶囊一次需要吃几粒,0
上呼吸道感染,这段时间扁桃体反复发炎该怎么办呢,冬天扁桃体经常发炎怎么回事,1
上呼吸道感染,这段时间扁桃体反复发炎该怎么办呢,扁桃体经常发炎该怎么治疗,1
上呼吸道感染,这段时间扁桃体反复发炎该怎么办呢,吃辛辣油腻的食物是不是会引起扁桃体发炎,0
上呼吸道感染,这段时间扁桃体反复发炎该怎么办呢,多喝梨水对扁桃体发炎有用吗,0
上呼吸道感染,这段时间扁桃体反复发炎该怎么办呢,扁桃体发炎会引起并发症吗,0
上呼吸道感染,咳嗽有痰不通气请问需要用什么才会恢复,咳嗽有痰不通气请问需要用什么能好？,1
上呼吸道感染,咳嗽有痰不通气请问需要用什么才会恢复,咳嗽有痰不通气请问怎么做才会恢复？,1
上呼吸道感染,咳嗽有痰不通气请问需要用什么才会恢复,咳嗽有痰鼻子不通气是什么病吗？,0
上呼吸道感染,咳嗽有痰不通气请问需要用什么才会恢复,咳嗽有痰不通气要吃药吗？,0
上呼吸道感染,咳嗽有痰不通气请问需要用什么才会恢复,咳嗽有痰不通气是感冒了？,0
上呼吸道感染,金果饮冬天嗓子疼咽炎喝着效果好吗,冬天嗓子疼咽炎喝着金果饮效果好吗？,1
上呼吸道感染,金果饮冬天嗓子疼咽炎喝着效果好吗,冬天嗓子疼咽炎喝金果饮管用不？,1
上呼吸道感染,金果饮冬天嗓子疼咽炎喝着效果好吗,冬天嗓子疼咽炎严重吗？,0
上呼吸道感染,金果饮冬天嗓子疼咽炎喝着效果好吗,冬天嗓子疼咽炎能根治不？,0
上呼吸道感染,金果饮冬天嗓子疼咽炎喝着效果好吗,金果饮能否长期饮用？,0
上呼吸道感染,感冒清热颗粒的副作用有哪些,感冒清热颗粒有什么副作用？,1
上呼吸道感染,感冒清热颗粒的副作用有哪些,感冒清热颗粒的副作用是什么？,1
上呼吸道感染,感冒清热颗粒的副作用有哪些,酚咖麻敏胶囊能不能和感冒清热颗粒一起吃？,0
上呼吸道感染,感冒清热颗粒的副作用有哪些,喝得菲尔感冒清热颗粒前喝别的药会有副作用吗？,0
上呼吸道感染,感冒清热颗粒的副作用有哪些,唯正牌感冒清热颗粒是中药吗?,0
上呼吸道感染,阿奇霉素干混剂希舒美用于什么,阿奇霉素干混悬剂是治疗什么病的？,1
上呼吸道感染,阿奇霉素干混剂希舒美用于什么,阿奇霉素干混剂希舒美作用是什么？,1
上呼吸道感染,阿奇霉素干混剂希舒美用于什么,希舒美阿奇霉素干混悬剂是抗生素吗？,0
上呼吸道感染,阿奇霉素干混剂希舒美用于什么,希舒美阿奇霉素干混悬剂是西药吗？,0
上呼吸道感染,阿奇霉素干混剂希舒美用于什么,阿奇霉素干混悬剂有什么副作用？,0
上呼吸道感染,利巴韦林气雾剂有哪些不良反应呢,利巴韦林气雾剂不良反应是什么？,1
上呼吸道感染,利巴韦林气雾剂有哪些不良反应呢,利巴韦林气雾剂有什么不良反应？,1
上呼吸道感染,利巴韦林气雾剂有哪些不良反应呢,利巴韦林气雾剂治疗什么？,0
上呼吸道感染,利巴韦林气雾剂有哪些不良反应呢,利巴韦林气雾剂效果好么？,0
上呼吸道感染,利巴韦林气雾剂有哪些不良反应呢,利巴韦林喷剂好还是颗粒？,0
上呼吸道感染,利巴韦林气雾剂有哪些注意事项呢,利巴韦林气雾剂需要注意什么呢？,1
上呼吸道感染,利巴韦林气雾剂有哪些注意事项呢,利巴韦林气雾剂有哪些事项要注意？,1
上呼吸道感染,利巴韦林气雾剂有哪些注意事项呢,利巴韦林气雾剂治疗什么？,0
上呼吸道感染,利巴韦林气雾剂有哪些注意事项呢,利巴韦林气雾剂药店有卖吗？,0
上呼吸道感染,利巴韦林气雾剂有哪些注意事项呢,利巴韦林气雾剂的副作用是什么？,0
上呼吸道感染,上呼吸道过敏综合征是什么病,上呼吸道过敏综合征是什么样的疾病？,1
上呼吸道感染,上呼吸道过敏综合征是什么病,上呼吸道过敏综合征指什么病？,1
上呼吸道感染,上呼吸道过敏综合征是什么病,上呼吸道过敏综合征有哪些症状？,0
上呼吸道感染,上呼吸道过敏综合征是什么病,上呼吸道过敏综合征病因是什么？,0
上呼吸道感染,上呼吸道过敏综合征是什么病,上呼吸道过敏综合征怎么治疗？,0
上呼吸道感染,咳嗽的厉害有痰是不是可以吃蛇胆川贝液,咳嗽的厉害有痰可否吃蛇胆川贝液？,1
上呼吸道感染,咳嗽的厉害有痰是不是可以吃蛇胆川贝液,咳嗽的厉害有痰吃蛇胆川贝液可行吗？,1
上呼吸道感染,咳嗽的厉害有痰是不是可以吃蛇胆川贝液,8个月的宝宝喝蛇胆川贝液治咳嗽吗？,0
上呼吸道感染,咳嗽的厉害有痰是不是可以吃蛇胆川贝液,哺乳期妇女咳嗽可以喝蛇胆川贝液?,0
上呼吸道感染,咳嗽的厉害有痰是不是可以吃蛇胆川贝液,牛黄蛇胆川贝液咳嗽能喝吗？,0
上呼吸道感染,我想知道金诃安儿宁颗粒主治功能是什么,我想知道金诃安儿宁颗粒功效是什么呀？,1
上呼吸道感染,我想知道金诃安儿宁颗粒主治功能是什么,金诃安儿宁颗粒主要作用什么？,1
上呼吸道感染,我想知道金诃安儿宁颗粒主治功能是什么,金诃安儿宁颗粒有副作用吗？,0
上呼吸道感染,我想知道金诃安儿宁颗粒主治功能是什么,我想知道金诃安儿宁颗粒的注意事项是什么？,0
上呼吸道感染,我想知道金诃安儿宁颗粒主治功能是什么,金诃安儿宁颗粒可以给新生儿服用吗？,0
上呼吸道感染,请问金诃安儿宁颗粒要主治什么疾病,请问金诃安儿宁颗粒能治哪些疾病？,1
上呼吸道感染,请问金诃安儿宁颗粒要主治什么疾病,请问金诃安儿宁颗粒主攻什么疾病？,1
上呼吸道感染,请问金诃安儿宁颗粒要主治什么疾病,请问金诃安儿宁颗粒有什么适应症？,0
上呼吸道感染,请问金诃安儿宁颗粒要主治什么疾病,请问金诃安儿宁颗粒有什么副作用？,0
上呼吸道感染,请问金诃安儿宁颗粒要主治什么疾病,请问金诃安儿宁颗粒见效快不？,0
上呼吸道感染,服用众生丸不能吃什么吗,服用众生丸忌吃什么吗？,1
上呼吸道感染,服用众生丸不能吃什么吗,服用众生丸不宜吃什么？,1
上呼吸道感染,服用众生丸不能吃什么吗,众生丸不适合什么人吃？,0
上呼吸道感染,服用众生丸不能吃什么吗,熬夜上火咽喉肿痛可以吃众生丸吗？,0
上呼吸道感染,服用众生丸不能吃什么吗,众生丸的注意事项有哪些呢？,0
上呼吸道感染,消炎止痛服用众生丸有用吗,消炎止痛服用众生丸管用吗？,1
上呼吸道感染,消炎止痛服用众生丸有用吗,消炎止痛服用众生丸有效果吗？,1
上呼吸道感染,消炎止痛服用众生丸有用吗,消炎止痛服用众生丸有没有不良后果？,0
上呼吸道感染,消炎止痛服用众生丸有用吗,消炎止痛服用众生丸过量会怎么样？,0
上呼吸道感染,消炎止痛服用众生丸有用吗,服用众生丸有什么要注意的？,0
上呼吸道感染,求教麝香祛痛搽剂五岁小孩子能用吗,请问5岁的小孩子可以用麝香祛痛搽剂吗？,1
上呼吸道感染,求教麝香祛痛搽剂五岁小孩子能用吗,5岁大的小孩能用麝香祛痛搽剂吗？,1
上呼吸道感染,求教麝香祛痛搽剂五岁小孩子能用吗,麝香祛痛搽剂有什么用？,0
上呼吸道感染,求教麝香祛痛搽剂五岁小孩子能用吗,麝香祛痛搽剂的使用方法是怎样的？,0
上呼吸道感染,求教麝香祛痛搽剂五岁小孩子能用吗,麝香祛痛搽剂的主要成分是什么？,0
上呼吸道感染,拉米夫定有什么副作用跟不良反应,拉米夫定有哪些副作用和不良反应？,1
上呼吸道感染,拉米夫定有什么副作用跟不良反应,拉米夫定的副作用跟不良反应有什么？,1
上呼吸道感染,拉米夫定有什么副作用跟不良反应,拉米夫定的主要成分有什么？,0
上呼吸道感染,拉米夫定有什么副作用跟不良反应,拉米夫定是治什么的？,0
上呼吸道感染,拉米夫定有什么副作用跟不良反应,拉米夫定有什么注意事项？,0
上呼吸道感染,阿莫西林有消炎的功效吗,阿莫西林有消炎作用吗？,1
上呼吸道感染,阿莫西林有消炎的功效吗,阿莫西林是否有消炎的功效？,1
上呼吸道感染,阿莫西林有消炎的功效吗,阿莫西林消炎药副作用是什么？,0
上呼吸道感染,阿莫西林有消炎的功效吗,阿莫西林没有什么作用？,0
上呼吸道感染,阿莫西林有消炎的功效吗,感冒时，消炎药，阿莫西林和头孢有何区别？,0
上呼吸道感染,咳嗽支气管炎能不能吃消银颗粒吗,咳嗽支气管炎可否吃消银颗粒？,1
上呼吸道感染,咳嗽支气管炎能不能吃消银颗粒吗,咳嗽支气管炎吃消银颗粒可行吗？,1
上呼吸道感染,咳嗽支气管炎能不能吃消银颗粒吗,咳嗽支气管炎有哪些症状？,0
上呼吸道感染,咳嗽支气管炎能不能吃消银颗粒吗,咳嗽支气管炎吃消银颗粒有没有不良后果？,0
上呼吸道感染,咳嗽支气管炎能不能吃消银颗粒吗,消银颗粒有哪些适应症？,0
上呼吸道感染,百利阿莫西林胶囊有什么作用？,百利阿莫西林胶囊的作用有哪些？,1
上呼吸道感染,百利阿莫西林胶囊有什么作用？,百利阿莫西林胶囊的功效有哪些？,1
上呼吸道感染,百利阿莫西林胶囊有什么作用？,百利阿莫西林胶囊的禁忌有哪些？,0
上呼吸道感染,百利阿莫西林胶囊有什么作用？,阿莫西林胶囊是治什么的？,0
上呼吸道感染,百利阿莫西林胶囊有什么作用？,阿莫西林胶囊是消炎药吗？,0
上呼吸道感染,氢溴酸右美沙芬口服溶液有怎样的功效,氢溴酸右美沙芬口服溶液的作用是什么？,1
上呼吸道感染,氢溴酸右美沙芬口服溶液有怎样的功效,氢溴酸右美沙芬口服溶液有什么功效？,1
上呼吸道感染,氢溴酸右美沙芬口服溶液有怎样的功效,氢溴酸右美沙芬口服液副作用是什么？,0
上呼吸道感染,氢溴酸右美沙芬口服溶液有怎样的功效,用了退热栓可以吃氢溴酸石美沙芬吗？,0
上呼吸道感染,氢溴酸右美沙芬口服溶液有怎样的功效,美沙芬一次性吃太多，会导致什么问题？,0
上呼吸道感染,小孩有点咳嗽一点痰能吃小儿咳喘灵颗粒吗,小孩咳嗽有痰适合吃些小儿咳喘灵颗粒不？,1
上呼吸道感染,小孩有点咳嗽一点痰能吃小儿咳喘灵颗粒吗,小孩有点咳嗽有痰可以吃小儿咳喘灵颗粒吗？,1
上呼吸道感染,小孩有点咳嗽一点痰能吃小儿咳喘灵颗粒吗,偶尔听到有痰声，宝宝咳嗽怎么办？,0
上呼吸道感染,小孩有点咳嗽一点痰能吃小儿咳喘灵颗粒吗,宝宝咳嗽流脓鼻涕，可以吃小儿肺热咳喘口服液吗？,0
上呼吸道感染,小孩有点咳嗽一点痰能吃小儿咳喘灵颗粒吗,小儿咳宁糖浆能治好孩子咳嗽吗？,0
上呼吸道感染,众生胶囊是饭前吃还是饭后在吃呀,众生胶囊应该饭前吃还是饭后吃呀？,1
上呼吸道感染,众生胶囊是饭前吃还是饭后在吃呀,众生胶囊饭前吃合适还是饭后再吃？,1
上呼吸道感染,众生胶囊是饭前吃还是饭后在吃呀,众生胶囊有哪些功效？,0
上呼吸道感染,众生胶囊是饭前吃还是饭后在吃呀,服用众生胶囊有哪些需要注意的？,0
上呼吸道感染,众生胶囊是饭前吃还是饭后在吃呀,小孩可以服用众生胶囊吗？,0
上呼吸道感染,4岁宝宝有支气管炎反复咳嗽不好的呀怎么办,4岁宝宝有支气管炎反复咳嗽不好的该如何是好？,1
上呼吸道感染,4岁宝宝有支气管炎反复咳嗽不好的呀怎么办,4岁宝宝有支气管炎反复咳嗽不好的该怎么做？,1
上呼吸道感染,4岁宝宝有支气管炎反复咳嗽不好的呀怎么办,小孩支气管炎为什么老是反复？,0
上呼吸道感染,4岁宝宝有支气管炎反复咳嗽不好的呀怎么办,支气管炎宝宝反复咳嗽能吃水果吗？,0
上呼吸道感染,4岁宝宝有支气管炎反复咳嗽不好的呀怎么办,支气管炎宝宝反复咳嗽吃什么药见效快？,0
上呼吸道感染,三个月的孩子支气管炎反复的咳咳不好,三个月的孩子支气管炎反复的咳咳不好怎么办？,1
上呼吸道感染,三个月的孩子支气管炎反复的咳咳不好,三个月的孩子支气管炎反复的咳咳不好该如何是好？,1
上呼吸道感染,三个月的孩子支气管炎反复的咳咳不好,小孩支气管炎有哪些症状？,0
上呼吸道感染,三个月的孩子支气管炎反复的咳咳不好,三个月的孩子支气管炎能吃哪些药？,0
上呼吸道感染,三个月的孩子支气管炎反复的咳咳不好,小孩支气管炎是怎么引起的？,0
上呼吸道感染,请问马应龙的复方甘草口服溶液用法是什么,请问如何使用马应龙的复方甘草口服溶液？,1
上呼吸道感染,请问马应龙的复方甘草口服溶液用法是什么,请问马应龙的复方甘草口服溶液用法是怎样的？,1
上呼吸道感染,请问马应龙的复方甘草口服溶液用法是什么,请问马应龙的复方甘草口服溶液能长期服用吗？,0
上呼吸道感染,请问马应龙的复方甘草口服溶液用法是什么,请问马应龙的复方甘草口服溶液治疗什么病？,0
上呼吸道感染,请问马应龙的复方甘草口服溶液用法是什么,请问马应龙的复方甘草口服溶液有没有副作用？,0
上呼吸道感染,怀孕头一个月吃氢溴酸右美沙芬分散片好吗,刚刚怀孕的第一个月吃氢溴酸右美沙芬分散片有影响吗？,1
上呼吸道感染,怀孕头一个月吃氢溴酸右美沙芬分散片好吗,刚刚怀孕的第一个月吃氢溴酸右美沙芬分散片可取吗？,1
上呼吸道感染,怀孕头一个月吃氢溴酸右美沙芬分散片好吗,刚刚怀孕吃氢溴酸右美沙芬分散片影响胎儿吗？,0
上呼吸道感染,怀孕头一个月吃氢溴酸右美沙芬分散片好吗,氢溴酸右美沙芬分散片是治疗什么的？,0
上呼吸道感染,怀孕头一个月吃氢溴酸右美沙芬分散片好吗,吃氢溴酸右美沙芬分散片会有哪些不良后果？,0
上呼吸道感染,请问13岁的小孩吃阿莫西林一次吃多少粒,请问13岁的小孩吃阿莫西林的用量是多少？,1
上呼吸道感染,请问13岁的小孩吃阿莫西林一次吃多少粒,请问13岁的小孩服用阿莫西林一次时候吃多少粒？,1
上呼吸道感染,请问13岁的小孩吃阿莫西林一次吃多少粒,请问13岁的小孩吃阿莫西林过量了怎么办？,0
上呼吸道感染,请问13岁的小孩吃阿莫西林一次吃多少粒,阿莫西林能经常吃吗？,0
上呼吸道感染,请问13岁的小孩吃阿莫西林一次吃多少粒,阿莫西林有没有副作用？,0
上呼吸道感染,联邦克立安是治疗什么的啊,联邦克立安用来治疗什么的？,1
上呼吸道感染,联邦克立安是治疗什么的啊,联邦克立安能治疗什么病？,1
上呼吸道感染,联邦克立安是治疗什么的啊,联邦克立安的功效不是什么？,0
上呼吸道感染,联邦克立安是治疗什么的啊,联邦克立安的用法用量是什么？,0
上呼吸道感染,联邦克立安是治疗什么的啊,联邦克立安的适应症是什么？,0
上呼吸道感染,百利阿莫西林胶囊可以和什么药一起用？,百利阿莫西林胶囊能和什么药一同服用？,1
上呼吸道感染,百利阿莫西林胶囊可以和什么药一起用？,百利阿莫西林胶囊可以与哪个药一起用？,1
上呼吸道感染,百利阿莫西林胶囊可以和什么药一起用？,百利阿莫西林胶囊是什么药物？,0
上呼吸道感染,百利阿莫西林胶囊可以和什么药一起用？,阿莫西林胶囊不能和什么药一起吃？,0
上呼吸道感染,百利阿莫西林胶囊可以和什么药一起用？,阿莫西林和考拉西可以一起吃吗？,0
上呼吸道感染,百利阿莫西林胶囊的主治疾病有哪些？,百利阿莫西林胶囊主治什么病？,1
上呼吸道感染,百利阿莫西林胶囊的主治疾病有哪些？,百利阿莫西林胶囊主要治疗哪些疾病？,1
上呼吸道感染,百利阿莫西林胶囊的主治疾病有哪些？,百利阿莫西林胶囊的功效有什么？,0
上呼吸道感染,百利阿莫西林胶囊的主治疾病有哪些？,百利阿莫西林胶囊适合什么人群服用？,0
上呼吸道感染,百利阿莫西林胶囊的主治疾病有哪些？,百利阿莫西林胶囊吃多了会怎样？,0
上呼吸道感染,问一下头孢丙烯干混悬剂一岁宝宝能吃吗,问一下头孢丙烯干混悬剂适宜一岁宝宝吃吗？,1
上呼吸道感染,问一下头孢丙烯干混悬剂一岁宝宝能吃吗,问一下头孢丙烯干混悬剂能给一岁宝宝吃吗？,1
上呼吸道感染,问一下头孢丙烯干混悬剂一岁宝宝能吃吗,问一下头孢丙烯干混悬剂有没有副作用？,0
上呼吸道感染,问一下头孢丙烯干混悬剂一岁宝宝能吃吗,问一下头孢丙烯干混悬剂有哪些适应症？,0
上呼吸道感染,问一下头孢丙烯干混悬剂一岁宝宝能吃吗,问一下头孢丙烯干混悬剂主要成分是什么？,0
上呼吸道感染,小孩咳嗽老是不好总是反反复复咋办的了,小孩咳嗽老是不好总是反反复复该怎么办？,1
上呼吸道感染,小孩咳嗽老是不好总是反反复复咋办的了,小孩咳嗽老是不好总是反反复复如何是好？,1
上呼吸道感染,小孩咳嗽老是不好总是反反复复咋办的了,小孩咳嗽老是不好总是反反复复是患了严重的疾病吗？,0
上呼吸道感染,小孩咳嗽老是不好总是反反复复咋办的了,小孩咳嗽老是不好总是反反复复吃什么药？,0
上呼吸道感染,小孩咳嗽老是不好总是反反复复咋办的了,小孩咳嗽反复要注意什么？,0
上呼吸道感染,肺力咳合剂效果不是很好该吃什么药,肺力咳合剂效果不太理想需吃什么药代替？,1
上呼吸道感染,肺力咳合剂效果不是很好该吃什么药,肺力咳合剂效果太好能吃什么药？,1
上呼吸道感染,肺力咳合剂效果不是很好该吃什么药,肺力咳和沐舒坦哪个好？,0
上呼吸道感染,肺力咳合剂效果不是很好该吃什么药,肺力咳合剂治疗小孩咳嗽效果显著吗？,0
上呼吸道感染,肺力咳合剂效果不是很好该吃什么药,孩子上火引起咳嗽吃什么药比较好？,0
上呼吸道感染,小孩咳嗽引起了反复发烧这可怎么办,小孩咳嗽引起了反复发烧该怎么处理？,1
上呼吸道感染,小孩咳嗽引起了反复发烧这可怎么办,小孩咳嗽引起了反复发烧如何是好？,1
上呼吸道感染,小孩咳嗽引起了反复发烧这可怎么办,感冒反复发烧物理降温怎么降？,0
上呼吸道感染,小孩咳嗽引起了反复发烧这可怎么办,肺炎会出现反复发烧的症状吗？,0
上呼吸道感染,小孩咳嗽引起了反复发烧这可怎么办,肺炎一直高烧怎么办？传染吗？,0
上呼吸道感染,不感冒老是咳嗽反复咳咳这是咋了的,不感冒老是咳嗽反复咳咳是怎么回事？,1
上呼吸道感染,不感冒老是咳嗽反复咳咳这是咋了的,为什么不感冒老是咳嗽反复咳咳？,1
上呼吸道感染,不感冒老是咳嗽反复咳咳这是咋了的,感冒咳咳该吃什么药好呢？,0
上呼吸道感染,不感冒老是咳嗽反复咳咳这是咋了的,咳嗽还有痰是什么症状？,0
上呼吸道感染,不感冒老是咳嗽反复咳咳这是咋了的,咳咳有痰吐不出来吃什么药好？,0
上呼吸道感染,众生丸我吃了4次了喉咙还痛啊为什么,众生丸我吃了4次了喉咙还痛是什么缘故？,1
上呼吸道感染,众生丸我吃了4次了喉咙还痛啊为什么,众生丸我吃了4次了喉咙还痛啊的原因是什么？,1
上呼吸道感染,众生丸我吃了4次了喉咙还痛啊为什么,众生丸有什么功效？,0
上呼吸道感染,众生丸我吃了4次了喉咙还痛啊为什么,众生丸能长期使用吗？,0
上呼吸道感染,众生丸我吃了4次了喉咙还痛啊为什么,众生丸可以给孩子吃吗？,0
上呼吸道感染,请问阿奇霉素可以和头孢类药物一起服用吗,阿奇霉素能否和头孢类同时给药？,1
上呼吸道感染,请问阿奇霉素可以和头孢类药物一起服用吗,请问阿奇霉素和头孢类可以一起用吗？,1
上呼吸道感染,请问阿奇霉素可以和头孢类药物一起服用吗,阿奇霉素属于头孢类吗？,0
上呼吸道感染,请问阿奇霉素可以和头孢类药物一起服用吗,我头孢类药物过敏了怎么办？,0
上呼吸道感染,请问阿奇霉素可以和头孢类药物一起服用吗,外阴脓肿，可以吃头孢消炎吗？,0
上呼吸道感染,孕妇可以服用复方甘草口服溶液吗,孕妇能喝复方甘草口服溶液吗？,1
上呼吸道感染,孕妇可以服用复方甘草口服溶液吗,复方甘草口服溶液孕妇可以喝吗？,1
上呼吸道感染,孕妇可以服用复方甘草口服溶液吗,复方甘草口服液对孕妇有什么影响？,0
上呼吸道感染,孕妇可以服用复方甘草口服溶液吗,复方甘草口服溶液有什么功效？,0
上呼吸道感染,孕妇可以服用复方甘草口服溶液吗,复方甘草口服溶液孕妇喝有副作用吗？,0
上呼吸道感染,非洛地平缓释片波依定的价格多少,非洛地平缓释片波依定卖多少钱？,1
上呼吸道感染,非洛地平缓释片波依定的价格多少,非洛地平缓释片波依定价格是多少？,1
上呼吸道感染,非洛地平缓释片波依定的价格多少,非洛地平缓释片波依定的功效是什么？,0
上呼吸道感染,非洛地平缓释片波依定的价格多少,非洛地平缓释片波依定禁忌有哪些？,0
上呼吸道感染,非洛地平缓释片波依定的价格多少,非洛地平缓释片波依定的适应症是什么？,0
哮喘,咳嗽变异性哮喘的症状有哪些,咳嗽变异性哮喘有什么症状？,1
哮喘,咳嗽变异性哮喘的症状有哪些,咳嗽变异性哮喘的症状是什么？,1
哮喘,咳嗽变异性哮喘的症状有哪些,咳嗽变异性哮喘的治疗方法哪个好？,0
哮喘,咳嗽变异性哮喘的症状有哪些,咳嗽变异性哮喘能根治？,0
哮喘,咳嗽变异性哮喘的症状有哪些,咳嗽变异性哮喘不能吃什么？,0
哮喘,孩子咳嗽哮喘，坚持凉水洗澡行吗,孩子咳嗽哮可不可以坚持凉水洗澡？,1
哮喘,孩子咳嗽哮喘，坚持凉水洗澡行吗,孩子咳嗽哮喘能凉水洗澡吗？,1
哮喘,孩子咳嗽哮喘，坚持凉水洗澡行吗,孩子咳嗽哮喘吃什么药效果好？,0
哮喘,孩子咳嗽哮喘，坚持凉水洗澡行吗,孩子咳嗽哮喘怎么办？,0
哮喘,孩子咳嗽哮喘，坚持凉水洗澡行吗,坚持凉水洗澡可以预防哮喘嘛？,0
哮喘,过敏性咳嗽会引起哮喘吗？,过敏性咳嗽会诱发哮喘吗？,1
哮喘,过敏性咳嗽会引起哮喘吗？,过敏性咳嗽会不会造成哮喘？,1
哮喘,过敏性咳嗽会引起哮喘吗？,过敏性哮喘咳嗽病因是什么？,0
哮喘,过敏性咳嗽会引起哮喘吗？,过敏性鼻炎和肺炎会导致哮喘嘛？,0
哮喘,过敏性咳嗽会引起哮喘吗？,过敏性肺炎传染吗？,0
哮喘,孩子咳嗽有哮喘的征兆怎么办？,孩子咳嗽有哮喘的征兆如何是好？,1
哮喘,孩子咳嗽有哮喘的征兆怎么办？,孩子咳嗽有哮喘的征兆该咋办？,1
哮喘,孩子咳嗽有哮喘的征兆怎么办？,孩子哮喘的发病原因是怎样的？,0
哮喘,孩子咳嗽有哮喘的征兆怎么办？,孩子哮喘有什么症状？,0
哮喘,孩子咳嗽有哮喘的征兆怎么办？,小孩哮喘有什么征兆？,0
哮喘,小孩过敏性哮喘咳嗽吃什么药好的快,小孩过敏性哮喘咳嗽吃哪种药见效快？,1
哮喘,小孩过敏性哮喘咳嗽吃什么药好的快,小孩过敏性哮喘咳嗽吃什么药最管用？,1
哮喘,小孩过敏性哮喘咳嗽吃什么药好的快,小孩过敏性哮喘咳嗽有什么症状？,0
哮喘,小孩过敏性哮喘咳嗽吃什么药好的快,过敏性哮喘咳嗽怎么治疗？,0
哮喘,小孩过敏性哮喘咳嗽吃什么药好的快,过敏性哮喘咳嗽病因是什么？,0
哮喘,得了哮喘有哪些方法保养？,哮喘有哪些治疗保养方式？,1
哮喘,得了哮喘有哪些方法保养？,得了哮喘，生活中有什么方法去保养啊？,1
哮喘,得了哮喘有哪些方法保养？,哮喘病发病严重吗？,0
哮喘,得了哮喘有哪些方法保养？,哮喘比较严重，如何治疗？,0
哮喘,得了哮喘有哪些方法保养？,哮喘病有哪些症状？,0
哮喘,宝宝变异性哮喘怎么查过敏源,宝宝变异性哮喘如何查过敏源？,1
哮喘,宝宝变异性哮喘怎么查过敏源,宝宝变异性哮喘过敏源从哪查？,1
哮喘,宝宝变异性哮喘怎么查过敏源,宝宝哮喘是免疫力下降吗？,0
哮喘,宝宝变异性哮喘怎么查过敏源,哮喘病情跟自身抵抗力有关吗？,0
哮喘,宝宝变异性哮喘怎么查过敏源,宝宝花粉过敏，抵抗力过低吃什么药？,0
哮喘,哮喘需要做什么检查确诊,哮喘做什么检查能够确诊？,1
哮喘,哮喘需要做什么检查确诊,做什么检查能确诊哮喘？,1
哮喘,哮喘需要做什么检查确诊,哮喘病发病怎么治？,0
哮喘,哮喘需要做什么检查确诊,哮喘病的病因是什么？,0
哮喘,哮喘需要做什么检查确诊,哮喘病人能吃什么药？,0
哮喘,阿司匹林会诱发哮喘吗？,阿司匹林会导致哮喘吗？,1
哮喘,阿司匹林会诱发哮喘吗？,阿司匹林会引起哮喘吗？,1
哮喘,阿司匹林会诱发哮喘吗？,阿司匹林有什么副作用？,0
哮喘,阿司匹林会诱发哮喘吗？,哮喘能吃什么药？,0
哮喘,阿司匹林会诱发哮喘吗？,阿司匹林是哮喘的引起原因吗？,0
哮喘,咳嗽变异性哮喘怎么治？,咳嗽变异性哮喘如何治疗？,1
哮喘,咳嗽变异性哮喘怎么治？,该怎么治咳嗽变异性哮喘？,1
哮喘,咳嗽变异性哮喘怎么治？,咳嗽变异性哮喘能根治？,0
哮喘,咳嗽变异性哮喘怎么治？,咳嗽变异性哮喘可以吃什么？,0
哮喘,咳嗽变异性哮喘怎么治？,如何诊断儿童咳嗽变异性哮喘？,0
哮喘,颈椎疼喝颈痛片会对哮喘有关系吗？,颈椎疼喝颈痛片会对哮喘产生影响吗？,1
哮喘,颈椎疼喝颈痛片会对哮喘有关系吗？,颈椎疼喝颈痛片会对哮喘造成影响吗？,1
哮喘,颈椎疼喝颈痛片会对哮喘有关系吗？,颈椎疼喝颈痛片有副作用吗？,0
哮喘,颈椎疼喝颈痛片会对哮喘有关系吗？,哮喘能喝颈痛片吗？,0
哮喘,颈椎疼喝颈痛片会对哮喘有关系吗？,哮喘不能吃什么药？,0
哮喘,哮喘病的发病原因有哪些？,哮喘为什么会发病？,1
哮喘,哮喘病的发病原因有哪些？,哮喘病的病因是什么？,1
哮喘,哮喘病的发病原因有哪些？,哮喘病有哪些症状？,0
哮喘,哮喘病的发病原因有哪些？,哮喘病发病严重吗？,0
哮喘,哮喘病的发病原因有哪些？,哮喘病发病怎么治？,0
哮喘,喘息性支气管炎和哮喘的区别？,喘息性支气管炎与哮喘有何区别？,1
哮喘,喘息性支气管炎和哮喘的区别？,哮喘和喘息性支气管炎的区别都有什么呢？,1
哮喘,喘息性支气管炎和哮喘的区别？,喘息性支气管炎会变成哮喘吗？,0
哮喘,喘息性支气管炎和哮喘的区别？,什么是喘息性支气管炎？,0
哮喘,喘息性支气管炎和哮喘的区别？,喘息性支气管炎有什么样的症状？,0
哮喘,治疗哮喘的中药有哪些？,有哪些治疗哮喘的中药？,1
哮喘,治疗哮喘的中药有哪些？,治疗哮喘中药方法有哪些？,1
哮喘,治疗哮喘的中药有哪些？,中药治疗哮喘的效果怎么样啊？,0
哮喘,治疗哮喘的中药有哪些？,有没有什么偏方可以根治哮喘呢？,0
哮喘,治疗哮喘的中药有哪些？,哮喘好治吗？,0
哮喘,喉咙有异物感多口水怎么办？,喉咙有异物感多口水该怎么做？,1
哮喘,喉咙有异物感多口水怎么办？,喉咙有异物感多口水如何是好？,1
哮喘,喉咙有异物感多口水怎么办？,喉咙有异物感多口水会有哮喘吗？,0
哮喘,喉咙有异物感多口水怎么办？,喉咙有异物感多口水吃什么药？,0
哮喘,喉咙有异物感多口水怎么办？,喉咙有异物感多口水是怎么回事？,0
哮喘,患了支气管炎要怎么办？,患了支气管炎如何是好？,1
哮喘,患了支气管炎要怎么办？,得了支气管炎该怎么做？,1
哮喘,患了支气管炎要怎么办？,怎样判断患上了支气管炎？,0
哮喘,患了支气管炎要怎么办？,患了支气管炎注意什么？,0
哮喘,患了支气管炎要怎么办？,孩子患了支气管炎严重吗？,0
哮喘,请问哮喘是怎样的一种病？,哮喘是一种怎样的疾病呢？,1
哮喘,请问哮喘是怎样的一种病？,哮喘是怎样的疾病呀？,1
哮喘,请问哮喘是怎样的一种病？,哮喘的发病原因是怎样的？,0
哮喘,请问哮喘是怎样的一种病？,哮喘病人的饮食是怎样的呢？,0
哮喘,请问哮喘是怎样的一种病？,哮喘是怎么发生的啊？,0
哮喘,儿童变异性哮喘怎么治疗？,儿童变异性哮喘怎么办？,1
哮喘,儿童变异性哮喘怎么治疗？,如何医治儿童变异性哮喘？,1
哮喘,儿童变异性哮喘怎么治疗？,如何诊断儿童咳嗽变异性哮喘？,0
哮喘,儿童变异性哮喘怎么治疗？,儿童变异性哮喘有哪些症状？,0
哮喘,儿童变异性哮喘怎么治疗？,儿童哮喘的征兆是怎样的？,0
哮喘,哮喘病人吃什么食物好呢?,吃什么食物对哮喘病人好呢?,1
哮喘,哮喘病人吃什么食物好呢?,哮喘病人适宜吃什么食物？,1
哮喘,哮喘病人吃什么食物好呢?,哮喘病人在饮食上有什么要注意的？,0
哮喘,哮喘病人吃什么食物好呢?,哮喘病人能吃什么药？,0
哮喘,哮喘病人吃什么食物好呢?,哮喘应该怎么预防？,0
哮喘,"哮喘,咳嗽,气喘的能吃孟鲁司特钠片吗","哮喘,咳嗽,气喘吃孟鲁司特钠片可以吗？",1
哮喘,"哮喘,咳嗽,气喘的能吃孟鲁司特钠片吗","哮喘,咳嗽,气喘适宜吃孟鲁司特钠片吗？",1
哮喘,"哮喘,咳嗽,气喘的能吃孟鲁司特钠片吗",孟鲁司特钠片有什么副作用？,0
哮喘,"哮喘,咳嗽,气喘的能吃孟鲁司特钠片吗","哮喘,咳嗽,气喘该注意什么在饮食上？",0
哮喘,"哮喘,咳嗽,气喘的能吃孟鲁司特钠片吗",孟鲁司特钠片有什么功效？,0
哮喘,咳嗽与哮喘有什么关系？,咳嗽与哮喘之间有什么联系？,1
哮喘,咳嗽与哮喘有什么关系？,咳嗽与哮喘是什么关系？,1
哮喘,咳嗽与哮喘有什么关系？,咳嗽会引起哮喘吗？,0
哮喘,咳嗽与哮喘有什么关系？,哮喘有哪几种？,0
哮喘,咳嗽与哮喘有什么关系？,哮喘应该怎么预防？,0
哮喘,过敏性哮喘的最好治疗方法是什么,什么方法治疗过敏性哮喘最有效？,1
哮喘,过敏性哮喘的最好治疗方法是什么,过敏性哮喘的最管用的治疗方法有什么？,1
哮喘,过敏性哮喘的最好治疗方法是什么,过敏性肺炎传染吗？,0
哮喘,过敏性哮喘的最好治疗方法是什么,过敏性肺炎怎么护理？,0
哮喘,过敏性哮喘的最好治疗方法是什么,治疗肺炎要吃什么药？,0
哮喘,哮喘最佳治疗方法是什么,治疗哮喘的最好方法是什么？,1
哮喘,哮喘最佳治疗方法是什么,治疗哮喘效果最好的方法是什么？,1
哮喘,哮喘最佳治疗方法是什么,哮喘有哪几种？,0
哮喘,哮喘最佳治疗方法是什么,哮喘有什么症状？,0
哮喘,哮喘最佳治疗方法是什么,怎么预防哮喘？,0
哮喘,哮喘最佳治疗方法是什么,治疗哮喘最好的方法是什么？,1
哮喘,哮喘最佳治疗方法是什么,哮喘治疗的最佳方法是什么？,1
哮喘,哮喘最佳治疗方法是什么,目前最好的哮喘药是什么？,0
哮喘,哮喘最佳治疗方法是什么,哮喘吃什么最好？,0
哮喘,哮喘最佳治疗方法是什么,老人哮喘吃什么药最好？,0
哮喘,支气管炎的最佳治疗方法是什么,治疗支气管炎最好的办法是什么？,1
哮喘,支气管炎的最佳治疗方法是什么,治疗支气管炎效果最好的方法是什么?,1
哮喘,支气管炎的最佳治疗方法是什么,支气管炎能治好吗？,0
哮喘,支气管炎的最佳治疗方法是什么,支气管炎有什么症状？,0
哮喘,支气管炎的最佳治疗方法是什么,治疗支气管炎要注意什么？,0
哮喘,支气管炎的最佳治疗方法是什么,支气管炎有什么最佳治疗方案？,1
哮喘,支气管炎的最佳治疗方法是什么,支气管炎的最佳疗法是什么？,1
哮喘,支气管炎的最佳治疗方法是什么,如何预防支气管炎？,0
哮喘,支气管炎的最佳治疗方法是什么,支气管炎有什么好的饮食方法？,0
哮喘,支气管炎的最佳治疗方法是什么,支气管炎有什么病症？,0
哮喘,硫酸沙丁胺醇吸入气雾剂老人可以用吗,硫酸沙丁胺醇气雾剂适合老人哮喘使用吗？,1
哮喘,硫酸沙丁胺醇吸入气雾剂老人可以用吗,老人能用硫酸沙丁胺醇吸入气雾剂吗？,1
哮喘,硫酸沙丁胺醇吸入气雾剂老人可以用吗,沙丁胺醇气雾剂怎么用？,0
哮喘,硫酸沙丁胺醇吸入气雾剂老人可以用吗,沙丁胺醇吸入气雾剂孕妇可以用吗？,0
哮喘,硫酸沙丁胺醇吸入气雾剂老人可以用吗,流酸沙丁胺醇气雾剂能吃的吗？,0
哮喘,硫酸沙丁胺醇吸入气雾剂老人可以用吗,硫酸沙丁胺醇吸入气雾剂适合老人用吗？,1
哮喘,硫酸沙丁胺醇吸入气雾剂老人可以用吗,老年人能否用硫酸沙丁胺醇吸入气雾剂？,1
哮喘,硫酸沙丁胺醇吸入气雾剂老人可以用吗,硫酸沙丁胺醇吸入气雾剂的注意事项是什么？,0
哮喘,硫酸沙丁胺醇吸入气雾剂老人可以用吗,硫酸沙丁胺醇吸入气雾剂有副作用吗？,0
哮喘,硫酸沙丁胺醇吸入气雾剂老人可以用吗,硫酸沙丁胺醇吸入气雾剂是治什么病的？,0
哮喘,哮喘病要怎样治疗，会传染吗？,哮喘病如何医治，是否传染？,1
哮喘,哮喘病要怎样治疗，会传染吗？,怎么治疗哮喘病，这个病传染吗？,1
哮喘,哮喘病要怎样治疗，会传染吗？,哮喘病严重吗？会引发其他疾病吗？,0
哮喘,哮喘病要怎样治疗，会传染吗？,哮喘病情跟自身抵抗力有关吗？,0
哮喘,哮喘病要怎样治疗，会传染吗？,哮喘病传播途径是什么？,0
哮喘,小儿过敏性哮喘怎么办,小儿过敏性哮喘怎么治疗？,1
哮喘,小儿过敏性哮喘怎么办,小儿过敏性哮喘如何处理？,1
哮喘,小儿过敏性哮喘怎么办,小儿过敏性哮喘的症状有什么？,0
哮喘,小儿过敏性哮喘怎么办,怎样预防小儿过敏性哮喘？,0
哮喘,小儿过敏性哮喘怎么办,小儿过敏性哮喘推拿怎么做？,0
哮喘,吸入用复方异丙托溴铵溶液该怎么用呢,吸入用复方异丙托溴铵溶液是如何使用的呢？,1
哮喘,吸入用复方异丙托溴铵溶液该怎么用呢,怎么使用吸入用复方异丙托溴铵溶液？,1
哮喘,吸入用复方异丙托溴铵溶液该怎么用呢,吸入用复方异丙托溴铵溶液的作用是什么？,0
哮喘,吸入用复方异丙托溴铵溶液该怎么用呢,吸入用复方异丙托溴铵溶液治疗什么病？,0
哮喘,吸入用复方异丙托溴铵溶液该怎么用呢,吸入用复方异丙托溴铵溶液含激素吗？,0
哮喘,支气管炎和哮喘有什么区别,支气管炎和哮喘的区别在哪？,1
哮喘,支气管炎和哮喘有什么区别,气管炎和哮喘的区别是什么？,1
哮喘,支气管炎和哮喘有什么区别,怀疑支气管哮喘要怎么确诊？,0
哮喘,支气管炎和哮喘有什么区别,支气管炎能好吗？,0
哮喘,支气管炎和哮喘有什么区别,支气管炎和哮喘有什么征兆？,0
哮喘,小孩咳嗽变异性哮喘怎么治疗？,儿童咳嗽变异性哮喘怎么办?,1
哮喘,小孩咳嗽变异性哮喘怎么治疗？,儿童咳嗽变异性哮喘如何医治?,1
哮喘,小孩咳嗽变异性哮喘怎么治疗？,儿童咳嗽变异性哮喘有什么特点？,0
哮喘,小孩咳嗽变异性哮喘怎么治疗？,咳嗽变异性哮喘饮食禁忌是什么？,0
哮喘,小孩咳嗽变异性哮喘怎么治疗？,如何诊断儿童咳嗽变异性哮喘？,0
哮喘,严重的哮喘病怎么治就是一直咳嗽,一直咳嗽有严重的哮喘病该怎么治疗？,1
哮喘,严重的哮喘病怎么治就是一直咳嗽,一直咳嗽有严重的哮喘病如何医治？,1
哮喘,严重的哮喘病怎么治就是一直咳嗽,哮喘病有什么症状？,0
哮喘,严重的哮喘病怎么治就是一直咳嗽,哮喘病的病因是什么？,0
哮喘,严重的哮喘病怎么治就是一直咳嗽,咳嗽，哮喘，支气管炎用什么药？,0
哮喘,请问，怎么可以治疗哮喘病,如何治疗哮喘病？,1
哮喘,请问，怎么可以治疗哮喘病,患有哮喘病怎么治？,1
哮喘,请问，怎么可以治疗哮喘病,哮喘病有什么症状？,0
哮喘,请问，怎么可以治疗哮喘病,如何诊断儿童哮喘？,0
哮喘,请问，怎么可以治疗哮喘病,哮喘病发吃什么有效？,0
哮喘,有哮喘，阿司匹林肠溶片能否常吃,有哮喘，阿司匹林肠溶片可以长期服用吗？,1
哮喘,有哮喘，阿司匹林肠溶片能否常吃,有哮喘能经常吃阿司匹林肠溶片吗？,1
哮喘,有哮喘，阿司匹林肠溶片能否常吃,阿司匹林肠溶片对有哮喘的病人有副作用吗？,0
哮喘,有哮喘，阿司匹林肠溶片能否常吃,阿司匹林肠溶片可以治疗什么病？,0
哮喘,有哮喘，阿司匹林肠溶片能否常吃,阿司匹林肠溶片的注意事项是什么？,0
哮喘,哮喘长期使用布地奈德气雾剂是否有副作用,哮喘长期使用布地奈德气雾剂有副作用吗？,1
哮喘,哮喘长期使用布地奈德气雾剂是否有副作用,哮喘长期使用布地奈德气雾剂会不会有副作用？,1
哮喘,哮喘长期使用布地奈德气雾剂是否有副作用,过量服用布地奈德气雾剂有什么后果？,0
哮喘,哮喘长期使用布地奈德气雾剂是否有副作用,哮喘吃布地奈德气雾剂效果好吗？,0
哮喘,哮喘长期使用布地奈德气雾剂是否有副作用,布地奈德气雾剂要注意什么？,0
哮喘,我小孩一岁半了咳嗽加哮喘怎么办,儿童咳嗽加哮喘怎么治疗？,1
哮喘,我小孩一岁半了咳嗽加哮喘怎么办,小孩一岁半了咳嗽加哮喘该怎么做？,1
哮喘,我小孩一岁半了咳嗽加哮喘怎么办,咳嗽变异性哮喘是什么？,0
哮喘,我小孩一岁半了咳嗽加哮喘怎么办,小孩咳嗽哮喘怎么回事？,0
哮喘,我小孩一岁半了咳嗽加哮喘怎么办,以前有哮喘史，应该如何用药？,0
哮喘,变异性哮喘的治疗方法有哪些,治疗变异性哮喘有什么方法？,1
哮喘,变异性哮喘的治疗方法有哪些,变异性哮喘有哪些治疗方案？,1
哮喘,变异性哮喘的治疗方法有哪些,咳嗽并且喘，算是哮喘吗？,0
哮喘,变异性哮喘的治疗方法有哪些,咳嗽变异性哮喘是什么？,0
哮喘,变异性哮喘的治疗方法有哪些,如何诊断儿童咳嗽变异性哮喘？,0
哮喘,请问五岁孩子用孟鲁司特钠咀嚼片可以吗,五岁的孩子有哮喘病，能用孟鲁司特钠咀嚼片吗？,1
哮喘,请问五岁孩子用孟鲁司特钠咀嚼片可以吗,孟鲁司特钠咀嚼片适宜五岁孩能用吗？,1
哮喘,请问五岁孩子用孟鲁司特钠咀嚼片可以吗,孟鲁司特钠咀嚼片儿童可以长期吃吗？,0
哮喘,请问五岁孩子用孟鲁司特钠咀嚼片可以吗,孟鲁司特钠咀嚼片有什么副作用？,0
哮喘,请问五岁孩子用孟鲁司特钠咀嚼片可以吗,孟鲁司特钠咀嚼片吃多了会怎样？,0
哮喘,关于哮喘的治疗方法有哪些,哮喘有哪些治疗方案？,1
哮喘,关于哮喘的治疗方法有哪些,关于哮喘的治疗方法有什么？,1
哮喘,关于哮喘的治疗方法有哪些,哮喘病有什么症状？,0
哮喘,关于哮喘的治疗方法有哪些,哮喘病的病因是什么？,0
哮喘,关于哮喘的治疗方法有哪些,治疗哮喘容易吗？,0
哮喘,用什么药物可以治疗过敏性哮喘..,可以治疗过敏性哮喘的药物有什么？,1
哮喘,用什么药物可以治疗过敏性哮喘..,什么药能治疗过敏性哮喘？,1
哮喘,用什么药物可以治疗过敏性哮喘..,过敏性哮喘是什么？,0
哮喘,用什么药物可以治疗过敏性哮喘..,过敏性哮喘有什么症状？,0
哮喘,用什么药物可以治疗过敏性哮喘..,过敏性哮喘传染吗？,0
哮喘,变异性哮喘，是由什么原因造成的,变异性哮喘是怎么引发的？,1
哮喘,变异性哮喘，是由什么原因造成的,变异性哮喘是怎么导致的？,1
哮喘,变异性哮喘，是由什么原因造成的,变异性哮喘是指什么？,0
哮喘,变异性哮喘，是由什么原因造成的,治疗变异性哮喘有什么方法？,0
哮喘,变异性哮喘，是由什么原因造成的,变异性哮喘有什么症状？,0
哮喘,变异性哮喘有什么症状，会带白痰吗,变异性哮喘的症状有哪些，有白痰吗？,1
哮喘,变异性哮喘有什么症状，会带白痰吗,变异性哮喘的症状有什么表现会有白痰吗？,1
哮喘,变异性哮喘有什么症状，会带白痰吗,变异性哮喘是怎么引发的？,0
哮喘,变异性哮喘有什么症状，会带白痰吗,变异性哮喘的注意事项有什么？,0
哮喘,变异性哮喘有什么症状，会带白痰吗,变异性哮喘会传染吗？,0
哮喘,变异性哮喘病是什么原因导致的,变异性哮喘病是怎么造成的？,1
哮喘,变异性哮喘病是什么原因导致的,引发变异性哮喘病的原因是什么？,1
哮喘,变异性哮喘病是什么原因导致的,变异性哮喘的症状有哪些？,0
哮喘,变异性哮喘病是什么原因导致的,咳嗽变异性哮喘病人有什么注意事项吗？,0
哮喘,变异性哮喘病是什么原因导致的,变异性哮喘可以吃什么食物？,0
哮喘,咳嗽变异性哮喘，是由什么原因造成的,咳嗽变异性哮喘的病因是什么？,1
哮喘,咳嗽变异性哮喘，是由什么原因造成的,咳嗽变异性哮喘是什么原因诱发的？,1
哮喘,咳嗽变异性哮喘，是由什么原因造成的,咳嗽变异性哮喘病人有什么注意事项吗？,0
哮喘,咳嗽变异性哮喘，是由什么原因造成的,咳嗽变异性哮喘是什么？,0
哮喘,咳嗽变异性哮喘，是由什么原因造成的,咳嗽变异性哮喘症状是什么？,0
哮喘,变异性哮喘，该做什么检查确诊,变异性哮喘确诊需要做什么检查？,1
哮喘,变异性哮喘，该做什么检查确诊,确诊变异性哮喘需要做哪些检查？,1
哮喘,变异性哮喘，该做什么检查确诊,变异性哮喘的症状有哪些？,0
哮喘,变异性哮喘，该做什么检查确诊,变异性哮喘病是怎么造成的？,0
哮喘,变异性哮喘，该做什么检查确诊,变异性哮喘的注意事项有什么？,0
哮喘,变异性哮喘需要做哪些检查,变异性哮喘要做哪些检查项目？,1
哮喘,变异性哮喘需要做哪些检查,请问变异性哮喘要做什么样的检查？,1
哮喘,变异性哮喘需要做哪些检查,变异性哮喘的症状有什么？,0
哮喘,变异性哮喘需要做哪些检查,什么是变异性咳嗽哮喘？,0
哮喘,变异性哮喘需要做哪些检查,变异性哮喘注意些什么？,0
哮喘,变异性哮喘需要做哪些检查,变异性哮喘的检查项目有哪些？,1
哮喘,变异性哮喘需要做哪些检查,变异性哮喘确诊需要哪些检查？,1
哮喘,变异性哮喘需要做哪些检查,检查哮喘花多少钱,0
哮喘,变异性哮喘需要做哪些检查,变异性哮喘有哪几种,0
哮喘,变异性哮喘需要做哪些检查,变异性哮喘吃什么好？,0
哮喘,变异性哮喘的检查项目有哪些,变异性哮喘要做哪些检查？,1
哮喘,变异性哮喘的检查项目有哪些,变异性哮喘要做什么样的检查？,1
哮喘,变异性哮喘的检查项目有哪些,变异性哮喘要注意什么？,0
哮喘,变异性哮喘的检查项目有哪些,变异性哮喘的症状有哪些？,0
哮喘,变异性哮喘的检查项目有哪些,变异性哮喘病是怎么造成的？,0
哮喘,我是变异性哮喘，请问可以治疗吗,变异性哮喘能不能治疗好？,1
哮喘,我是变异性哮喘，请问可以治疗吗,变异性哮喘病是否能治？,1
哮喘,我是变异性哮喘，请问可以治疗吗,变异性哮喘症状是什么？,0
哮喘,我是变异性哮喘，请问可以治疗吗,什么是变异性哮喘？,0
哮喘,我是变异性哮喘，请问可以治疗吗,变异性哮喘该如何治疗？,0
哮喘,咳嗽变异性哮喘中医治疗效果会不会好些,咳嗽变异性哮喘中医治疗管用吗？,1
哮喘,咳嗽变异性哮喘中医治疗效果会不会好些,咳嗽变异性哮喘中医治疗哮喘疗效会比较好吗？,1
哮喘,咳嗽变异性哮喘中医治疗效果会不会好些,中药可以根治变异性哮喘吗？,0
哮喘,咳嗽变异性哮喘中医治疗效果会不会好些,孩子确诊为变异性哮喘，中药期间西药需要停吗？,0
哮喘,咳嗽变异性哮喘中医治疗效果会不会好些,哪种中药可以治疗咳嗽变异性哮喘？,0
哮喘,中医怎么治疗过敏性哮喘好?,过敏性哮喘中医有什么好办法治疗？,1
哮喘,中医怎么治疗过敏性哮喘好?,中医治疗过敏性哮喘哪些方法好？,1
哮喘,中医怎么治疗过敏性哮喘好?,过敏性哮喘中医可以治疗吗,0
哮喘,中医怎么治疗过敏性哮喘好?,怎样预防哮喘病？,0
哮喘,中医怎么治疗过敏性哮喘好?,怎么样算是过敏性哮喘病呢？,0
哮喘,变异性哮喘中医能不能治好,变异性哮喘中医能治好吗？,1
哮喘,变异性哮喘中医能不能治好,中医可不可以治疗变异性哮喘？,1
哮喘,变异性哮喘中医能不能治好,变异性哮喘的症状有哪些？,0
哮喘,变异性哮喘中医能不能治好,变异性哮喘是什么？,0
哮喘,变异性哮喘中医能不能治好,变异性哮喘的注意事项有什么？,0
哮喘,中医如何治疗变异性哮喘,中医怎么治疗变异性哮喘？,1
哮喘,中医如何治疗变异性哮喘,变异性哮喘怎么通过中医治疗？,1
哮喘,中医如何治疗变异性哮喘,中医治疗哮喘效果如何？,0
哮喘,中医如何治疗变异性哮喘,哮喘的中医治疗方法有哪些？,0
哮喘,中医如何治疗变异性哮喘,哮喘的中药方有哪些？,0
哮喘,在饮食上咳嗽变异性哮喘要注意什么,咳嗽性变异哮喘如何注意饮食？,1
哮喘,在饮食上咳嗽变异性哮喘要注意什么,咳嗽变异性哮喘饮食禁忌是什么？,1
哮喘,在饮食上咳嗽变异性哮喘要注意什么,如何治疗变异性哮喘？,0
哮喘,在饮食上咳嗽变异性哮喘要注意什么,咳嗽变异性哮喘是什么？,0
哮喘,在饮食上咳嗽变异性哮喘要注意什么,变异性哮喘是怎么得的？,0
哮喘,吃什么食物对变异性哮喘好,变异性哮喘最好吃什么食物？,1
哮喘,吃什么食物对变异性哮喘好,变异性哮喘吃什么食物最佳？,1
哮喘,吃什么食物对变异性哮喘好,咳嗽变异性哮喘吃什么水果好？,0
哮喘,吃什么食物对变异性哮喘好,咳嗽变异性哮喘吃什么药啊？,0
哮喘,吃什么食物对变异性哮喘好,咳嗽变异性哮喘什么症状？,0
哮喘,变异性哮喘在饮食上应注意什么,变异性哮喘饮食应注意哪些事项？,1
哮喘,变异性哮喘在饮食上应注意什么,变异性哮喘饮食需要注意什么？,1
哮喘,变异性哮喘在饮食上应注意什么,如何诊断儿童咳嗽变异性哮喘？,0
哮喘,变异性哮喘在饮食上应注意什么,咳嗽变异性哮喘的症状有哪些？,0
哮喘,变异性哮喘在饮食上应注意什么,变异性哮喘吃什么药？,0
哮喘,变异性哮喘的饮食注意，哪些食物不能吃,变异性哮喘的饮食要注意什么，什么不能吃？,1
哮喘,变异性哮喘的饮食注意，哪些食物不能吃,变异性哮喘的饮食注意事项有什么忌吃什么？,1
哮喘,变异性哮喘的饮食注意，哪些食物不能吃,变异哮喘做什么检查？,0
哮喘,变异性哮喘的饮食注意，哪些食物不能吃,哮喘用什么药最好？,0
哮喘,变异性哮喘的饮食注意，哪些食物不能吃,是什么导致变异性哮喘？,0
哮喘,变异性哮喘饮食禁忌有哪些,变异性哮喘饮食禁忌是什么？,1
哮喘,变异性哮喘饮食禁忌有哪些,变异性哮喘饮食上哪些能吃哪些不能？,1
哮喘,变异性哮喘饮食禁忌有哪些,变异性哮喘的症状有哪些？,0
哮喘,变异性哮喘饮食禁忌有哪些,变异性支气管哮喘怎么治疗?,0
哮喘,变异性哮喘饮食禁忌有哪些,哮喘病是怎样引起的？,0
哮喘,变异性哮喘饮食禁忌有哪些,变异性哮喘有哪些食物不能吃,1
哮喘,变异性哮喘饮食禁忌有哪些,变异性哮喘不能吃什么？,1
哮喘,变异性哮喘饮食禁忌有哪些,什么是变异性哮喘,0
哮喘,变异性哮喘饮食禁忌有哪些,变异性哮喘怎么治疗,0
哮喘,变异性哮喘饮食禁忌有哪些,变异性哮喘的症状有哪些？,0
哮喘,咳嗽变异性哮喘的危害大吗,咳嗽变异性哮喘的危害大不大？,1
哮喘,咳嗽变异性哮喘的危害大吗,咳嗽变异性哮喘的危害是不是很大？,1
哮喘,咳嗽变异性哮喘的危害大吗,咳嗽变异性哮喘有哪些症状？,0
哮喘,咳嗽变异性哮喘的危害大吗,咳嗽变异性哮喘的病因是什么？,0
哮喘,咳嗽变异性哮喘的危害大吗,咳嗽变异性哮喘吃什么药啊？,0
哮喘,变异性哮喘会有哪些症状，严重不,变异性哮喘有什么样的症状，严不严重？,1
哮喘,变异性哮喘会有哪些症状，严重不,变异性哮喘的症状是什么，严重不？,1
哮喘,变异性哮喘会有哪些症状，严重不,变异性哮喘病是否能治？,0
哮喘,变异性哮喘会有哪些症状，严重不,变异性哮喘病是怎么造成的？,0
哮喘,变异性哮喘会有哪些症状，严重不,变异性哮喘的要注意什么？,0
哮喘,咳嗽变异性哮喘不能吃什么,咳嗽变异性哮喘怎样注意饮食,1
哮喘,咳嗽变异性哮喘不能吃什么,咳嗽变异性哮喘饮食方面如何护理,1
哮喘,咳嗽变异性哮喘不能吃什么,咳嗽变异性哮喘是怎么回事,0
哮喘,咳嗽变异性哮喘不能吃什么,咳嗽变异性哮喘是怎么得的,0
哮喘,咳嗽变异性哮喘不能吃什么,咳嗽变异性哮喘吃什么药可以缓解,0
哮喘,"确诊患了咳嗽变异性哮喘,应该吃什么药",咳嗽变异性哮喘用药推荐有哪些,1
哮喘,"确诊患了咳嗽变异性哮喘,应该吃什么药",确诊患了咳嗽变异性哮喘吃什么药最好,1
哮喘,"确诊患了咳嗽变异性哮喘,应该吃什么药",咳嗽变异性哮喘的症状是什么,0
哮喘,"确诊患了咳嗽变异性哮喘,应该吃什么药",咳嗽变异性哮喘能根治吗,0
哮喘,"确诊患了咳嗽变异性哮喘,应该吃什么药",咳嗽变异性哮喘是怎样确诊的,0
哮喘,得了咳嗽变异性哮喘，怎么治疗,得了咳嗽变异性哮喘，怎么办,1
哮喘,得了咳嗽变异性哮喘，怎么治疗,得了咳嗽变异性哮喘如何治疗,1
哮喘,得了咳嗽变异性哮喘，怎么治疗,咳嗽变异性哮喘和哮喘的区别是什么,0
哮喘,得了咳嗽变异性哮喘，怎么治疗,得了咳嗽变异性哮喘早期体征是什么,0
哮喘,得了咳嗽变异性哮喘，怎么治疗,得了咳嗽变异性哮喘危害是什么,0
哮喘,咳嗽3个月了，可能是变异性哮喘吗,长期咳嗽会不会导致变异性哮喘,1
哮喘,咳嗽3个月了，可能是变异性哮喘吗,咳嗽3个月了，如何判断是不是变异性哮喘,1
哮喘,咳嗽3个月了，可能是变异性哮喘吗,变异性哮喘能治愈吗,0
哮喘,咳嗽3个月了，可能是变异性哮喘吗,变异性哮喘影响肺功能吗,0
哮喘,咳嗽3个月了，可能是变异性哮喘吗,变异性哮喘是怎么得的,0
哮喘,我的症状是咳嗽变异性哮喘吗?,咳嗽变异性哮喘都有会啥症状,1
哮喘,我的症状是咳嗽变异性哮喘吗?,咳嗽变异性哮喘的症状是什么,1
哮喘,我的症状是咳嗽变异性哮喘吗?,咳嗽变异性哮喘和过敏性哮喘一样吗,0
哮喘,我的症状是咳嗽变异性哮喘吗?,过敏性哮喘的症状是什么,0
哮喘,我的症状是咳嗽变异性哮喘吗?,咳嗽变异性哮喘是肺炎吗,0
哮喘,咳嗽变异性哮喘可以治愈吗?,咳嗽变异性哮喘能治疗好吗,1
哮喘,咳嗽变异性哮喘可以治愈吗?,咳嗽变异性哮喘能根治吗,1
哮喘,咳嗽变异性哮喘可以治愈吗?,咳嗽变异性哮喘病因是什么,0
哮喘,咳嗽变异性哮喘可以治愈吗?,咳嗽变异性哮喘吃什么药可以缓解,0
哮喘,咳嗽变异性哮喘可以治愈吗?,儿童会得咳嗽变异性哮喘吗,0
哮喘,咳嗽变异性哮喘可以治愈吗?,咳嗽变异性哮喘能治好吗？,1
哮喘,咳嗽变异性哮喘可以治愈吗?,咳嗽变异性哮喘能有治愈的可能吗？,1
哮喘,咳嗽变异性哮喘可以治愈吗?,咳嗽变异性哮喘会发展成哮喘吗？,0
哮喘,咳嗽变异性哮喘可以治愈吗?,咳嗽变异性哮喘会胸闷吗？,0
哮喘,咳嗽变异性哮喘可以治愈吗?,咳嗽变异性哮喘影响怀孕吗？,0
哮喘,变异性哮喘怎么预防复发,预防变异性哮喘应该怎样做,1
哮喘,变异性哮喘怎么预防复发,如何预防变异性哮喘复发,1
哮喘,变异性哮喘怎么预防复发,得了变异性哮喘如何缓解,0
哮喘,变异性哮喘怎么预防复发,哮喘的特征是什么,0
哮喘,变异性哮喘怎么预防复发,哮喘都有哪些类别,0
哮喘,变异性哮喘应该怎么治?,变异性哮喘怎么办,1
哮喘,变异性哮喘应该怎么治?,变异性哮喘怎样治疗,1
哮喘,变异性哮喘应该怎么治?,咳嗽和哮喘有关系吗,0
哮喘,变异性哮喘应该怎么治?,变异性哮喘和哮喘的有区别吗,0
哮喘,变异性哮喘应该怎么治?,变异性哮喘初期是什么症状,0
哮喘,咳嗽变异性哮喘可以彻底治愈吗,咳嗽变异性哮喘能治好吗,1
哮喘,咳嗽变异性哮喘可以彻底治愈吗,咳嗽变异性哮喘可以根治吗,1
哮喘,咳嗽变异性哮喘可以彻底治愈吗,咳嗽变异性哮喘是怎样诊断的,0
哮喘,咳嗽变异性哮喘可以彻底治愈吗,咳嗽变异性哮喘治疗方法有多少,0
哮喘,咳嗽变异性哮喘可以彻底治愈吗,咳嗽变异性哮喘有危害吗,0
哮喘,咳嗽变异性哮喘能根治吗,咳嗽变异性哮喘能否完全治愈,1
哮喘,咳嗽变异性哮喘能根治吗,咳嗽变异性哮喘可以彻底治愈吗,1
哮喘,咳嗽变异性哮喘能根治吗,咳嗽变异性哮喘什么人群会感染,0
哮喘,咳嗽变异性哮喘能根治吗,咳嗽变异性哮喘传染吗,0
哮喘,咳嗽变异性哮喘能根治吗,咳嗽是肺炎吗,0
哮喘,咳嗽变异性哮喘可以治愈吗,咳嗽变异性哮喘能治愈吗,1
哮喘,咳嗽变异性哮喘可以治愈吗,咳嗽变异性哮喘可以根治吗,1
哮喘,咳嗽变异性哮喘可以治愈吗,儿童是咳嗽变异性哮喘的高发人群吗,0
哮喘,咳嗽变异性哮喘可以治愈吗,咳嗽变异性哮喘是咳嗽引起的吗,0
哮喘,咳嗽变异性哮喘可以治愈吗,咳嗽变异性哮喘是哮喘吗,0
哮喘,过敏性哮喘患者有哪些症状?,过敏性哮喘患者的症状是什么,1
哮喘,过敏性哮喘患者有哪些症状?,过敏性哮喘患者有什么表现,1
哮喘,过敏性哮喘患者有哪些症状?,过敏性哮喘患者是哮喘吗,0
哮喘,过敏性哮喘患者有哪些症状?,过敏性哮喘怎样治疗,0
哮喘,过敏性哮喘患者有哪些症状?,过敏性哮喘能治愈吗,0
哮喘,过敏性哮喘会不会引发生命危险,过敏性哮喘会不会导致死亡,1
哮喘,过敏性哮喘会不会引发生命危险,过敏性哮喘能不能引发生命危险致人死亡,1
哮喘,过敏性哮喘会不会引发生命危险,过敏性哮喘最佳治疗方法是什么,0
哮喘,过敏性哮喘会不会引发生命危险,过敏性哮喘是怎样引起的,0
哮喘,过敏性哮喘会不会引发生命危险,过敏性哮喘的后遗症有哪些,0
哮喘,得了过敏性哮喘的病人要注意什么事?,得了过敏性哮喘的病人要怎样护理,1
哮喘,得了过敏性哮喘的病人要注意什么事?,得了过敏性哮喘的病人要注意的事项是什么,1
哮喘,得了过敏性哮喘的病人要注意什么事?,什么食物会引起过敏性哮喘,0
哮喘,得了过敏性哮喘的病人要注意什么事?,得了过敏性哮喘的病人典型的症状是什么,0
哮喘,得了过敏性哮喘的病人要注意什么事?,得了过敏性哮喘的病人适合什么运动,0
哮喘,过敏性哮喘能吃什么水果,过敏性哮喘可以吃什么水果,1
哮喘,过敏性哮喘能吃什么水果,适合过敏性哮喘患者吃的水果有哪些,1
哮喘,过敏性哮喘能吃什么水果,过敏性哮喘能不能经常吃苹果,0
哮喘,过敏性哮喘能吃什么水果,过敏性哮喘吃什么药比较好,0
哮喘,过敏性哮喘能吃什么水果,过敏性哮喘的症状是什么,0
哮喘,过敏性哮喘病人在平时要注意什么?,过敏性哮喘病人日常生活需要注意哪些防护,1
哮喘,过敏性哮喘病人在平时要注意什么?,过敏性哮喘病人注意事项有哪些,1
哮喘,过敏性哮喘病人在平时要注意什么?,过敏性哮喘病人复发怎么办,0
哮喘,过敏性哮喘病人在平时要注意什么?,过敏性哮喘能自救吗,0
哮喘,过敏性哮喘病人在平时要注意什么?,什么水果能引起过敏性哮喘,0
哮喘,过敏性哮喘最好应该怎样治疗呢?,得了过敏性哮喘如何治疗,1
哮喘,过敏性哮喘最好应该怎样治疗呢?,过敏性哮喘怎么治疗效果最好,1
哮喘,过敏性哮喘最好应该怎样治疗呢?,过敏性哮喘的过敏源是什么,0
哮喘,过敏性哮喘最好应该怎样治疗呢?,什么是季节性过敏性哮喘,0
哮喘,过敏性哮喘最好应该怎样治疗呢?,过敏性哮喘是什么引起的,0
哮喘,过敏性哮喘怎么办才能好呢?,过敏性哮喘有哪些治疗手段,1
哮喘,过敏性哮喘怎么办才能好呢?,如何治疗过敏性哮喘,1
哮喘,过敏性哮喘怎么办才能好呢?,过敏性哮喘能根治吗,0
哮喘,过敏性哮喘怎么办才能好呢?,过敏性鼻炎的症状是什么,0
哮喘,过敏性哮喘怎么办才能好呢?,怎样辨别孩子得了哮喘,0
哮喘,反复过敏性哮喘如何用药?,反复过敏性哮喘应该吃什么药,1
哮喘,反复过敏性哮喘如何用药?,反复过敏性哮喘怎么用药,1
哮喘,反复过敏性哮喘如何用药?,反复过敏性哮喘的症状是什么,0
哮喘,反复过敏性哮喘如何用药?,反复过敏性哮喘需要手术治疗吗,0
哮喘,反复过敏性哮喘如何用药?,反复过敏性哮喘饮食上吃什么比较好,0
哮喘,犯了过敏性哮喘应该怎么缓解?,突发过敏性哮喘需要如何缓解,1
哮喘,犯了过敏性哮喘应该怎么缓解?,犯了过敏性哮喘能怎样减轻症状,1
哮喘,犯了过敏性哮喘应该怎么缓解?,过敏性哮喘是怎么引起的,0
哮喘,犯了过敏性哮喘应该怎么缓解?,犯了过敏性哮喘需要去医院吗,0
哮喘,犯了过敏性哮喘应该怎么缓解?,犯了过敏性哮喘会呼吸困难吗,0
哮喘,过敏性哮喘的过敏源有那些,过敏性哮喘的过敏源是什么,1
哮喘,过敏性哮喘的过敏源有那些,过敏性哮喘的过敏源有多少,1
哮喘,过敏性哮喘的过敏源有那些,过敏性哮喘治疗方法有哪些,0
哮喘,过敏性哮喘的过敏源有那些,过敏性哮喘是哮喘吗,0
哮喘,过敏性哮喘的过敏源有那些,过敏性哮喘能治愈吗,0
哮喘,过敏性哮喘的症状是那些?,过敏性哮喘的表现是什么,1
哮喘,过敏性哮喘的症状是那些?,过敏性哮喘都有哪些症状,1
哮喘,过敏性哮喘的症状是那些?,过敏性哮喘咳痰吗,0
哮喘,过敏性哮喘的症状是那些?,过敏性哮喘的危害有多大,0
哮喘,过敏性哮喘的症状是那些?,怎么确诊过敏性哮喘,0
哮喘,请问过敏性哮喘是怎么引起的呢?,请问过敏性哮喘是怎样得的,1
哮喘,请问过敏性哮喘是怎么引起的呢?,是什么引起的过敏性哮喘,1
哮喘,请问过敏性哮喘是怎么引起的呢?,请问过敏性哮喘和普通哮喘有什么关系,0
哮喘,请问过敏性哮喘是怎么引起的呢?,请问过敏性哮喘和季节有关系吗,0
哮喘,请问过敏性哮喘是怎么引起的呢?,请问过敏性哮喘前兆是什么,0
哮喘,过敏性哮喘平时应该注意什么?,过敏性哮喘一般要注意什么,1
哮喘,过敏性哮喘平时应该注意什么?,过敏性哮喘要注意什么事,1
哮喘,过敏性哮喘平时应该注意什么?,过敏性哮喘临床症状是什么,0
哮喘,过敏性哮喘平时应该注意什么?,过敏性哮喘会威胁到生命吗,0
哮喘,过敏性哮喘平时应该注意什么?,过敏性哮喘的过敏原是什么,0
哮喘,过敏性哮喘和一般哮喘有区别吗,过敏性哮喘和一般哮喘的区别是什么,1
哮喘,过敏性哮喘和一般哮喘有区别吗,过敏性哮喘和一般哮喘一样吗,1
哮喘,过敏性哮喘和一般哮喘有区别吗,过敏性哮喘能根治吗,0
哮喘,过敏性哮喘和一般哮喘有区别吗,过敏性哮喘应该吃什么药,0
哮喘,过敏性哮喘和一般哮喘有区别吗,过敏性哮喘能怀孕吗,0
哮喘,过敏性哮喘比较厉害，喘不过气了怎么办,过敏性哮喘严重影响喘气怎么办,1
哮喘,过敏性哮喘比较厉害，喘不过气了怎么办,过敏性哮喘严重，喘不过气了怎样治疗,1
哮喘,过敏性哮喘比较厉害，喘不过气了怎么办,过敏性哮喘为什么晚上严重,0
哮喘,过敏性哮喘比较厉害，喘不过气了怎么办,过敏性哮喘一直咳嗽怎么办,0
哮喘,过敏性哮喘比较厉害，喘不过气了怎么办,怀孕得过敏性哮喘会影响胎儿吗,0
哮喘,过敏性哮喘怎样治疗,怎么治过敏性哮喘,1
哮喘,过敏性哮喘怎样治疗,过敏性哮喘治疗方法有哪些,1
哮喘,过敏性哮喘怎样治疗,过敏性哮喘能不能手术治疗,0
哮喘,过敏性哮喘怎样治疗,过敏属于什么反应,0
哮喘,过敏性哮喘怎样治疗,过敏性哮喘会咳血吗,0
哮喘,过敏性哮喘治疗偏方有什么?,治疗过敏性哮喘的偏方有哪些,1
哮喘,过敏性哮喘治疗偏方有什么?,过敏性哮喘偏方如何治疗,1
哮喘,过敏性哮喘治疗偏方有什么?,过敏性哮喘常规治疗方法有哪些,0
哮喘,过敏性哮喘治疗偏方有什么?,过敏性哮喘饮食有禁忌吗,0
哮喘,过敏性哮喘治疗偏方有什么?,过敏性哮喘的常用药物是什么,0
哮喘,过敏性哮喘治疗偏方有什么?,过敏性哮喘有哪些治疗的偏方？,1
哮喘,过敏性哮喘治疗偏方有什么?,治疗过敏性哮喘的偏方有哪些？,1
哮喘,过敏性哮喘治疗偏方有什么?,过敏性哮喘治疗的医院方法有哪些,0
哮喘,过敏性哮喘治疗偏方有什么?,过敏性哮喘的预防方法有哪些？,0
哮喘,过敏性哮喘治疗偏方有什么?,如何预防过敏性哮喘,0
哮喘,过敏性哮喘适合什么运动?,过敏性哮喘可以做什么运动,1
哮喘,过敏性哮喘适合什么运动?,过敏性哮喘能不能运动,1
哮喘,过敏性哮喘适合什么运动?,过敏性哮喘康复方法是什么,0
哮喘,过敏性哮喘适合什么运动?,过敏性哮喘注意事项是什么,0
哮喘,过敏性哮喘适合什么运动?,运动性哮喘的危害有哪些,0
哮喘,过敏性哮喘适合什么运动?,有过敏性哮喘适合哪些运动？,1
哮喘,过敏性哮喘适合什么运动?,什么运动适合过敏性哮喘患者,1
哮喘,过敏性哮喘适合什么运动?,过敏性哮喘有哪些症状,0
哮喘,过敏性哮喘适合什么运动?,过敏性哮喘怎样治疗,0
哮喘,过敏性哮喘适合什么运动?,过敏性哮喘怎么引起的,0
哮喘,过敏性哮喘的治疗方法是什么?,过敏性哮喘的是怎样治疗的,1
哮喘,过敏性哮喘的治疗方法是什么?,过敏性哮喘都有哪些治疗手段,1
哮喘,过敏性哮喘的治疗方法是什么?,过敏性哮喘可以剧烈运动吗,0
哮喘,过敏性哮喘的治疗方法是什么?,过敏性哮喘能做有氧运动吗,0
哮喘,过敏性哮喘的治疗方法是什么?,过敏性哮喘的过敏原是什么,0
哮喘,过敏性哮喘怎么治疗比较好?,过敏性哮喘怎样治疗效果好,1
哮喘,过敏性哮喘怎么治疗比较好?,过敏性哮喘如何治疗,1
哮喘,过敏性哮喘怎么治疗比较好?,过敏性哮喘会遗传吗,0
哮喘,过敏性哮喘怎么治疗比较好?,过敏性哮喘能不能通过手术治愈,0
哮喘,过敏性哮喘怎么治疗比较好?,过敏性哮喘喝中药怎么样,0
哮喘,过敏性哮喘怎么治疗比较好?,怎么治疗过敏性哮喘比较好,1
哮喘,过敏性哮喘怎么治疗比较好?,治疗过敏性哮喘比较好的方法怎么治,1
哮喘,过敏性哮喘怎么治疗比较好?,得了过敏性哮喘会怎么样？,0
哮喘,过敏性哮喘怎么治疗比较好?,得了过敏性哮喘能活多久？,0
哮喘,过敏性哮喘怎么治疗比较好?,得了过敏性哮喘应该注意些什么？,0
哮喘,过敏性哮喘最佳的治疗方法是什么,过敏性哮喘最好的治疗办法是什么,1
哮喘,过敏性哮喘最佳的治疗方法是什么,过敏性哮喘怎样治疗最好,1
哮喘,过敏性哮喘最佳的治疗方法是什么,过敏性哮喘和温度有关系吗,0
哮喘,过敏性哮喘最佳的治疗方法是什么,过敏性哮喘需要终生吃药吗,0
哮喘,过敏性哮喘最佳的治疗方法是什么,过敏性哮喘的护理措施有什么,0
哮喘,过敏性哮喘最佳的治疗方法是什么,什么是过敏性哮喘治疗最好的方法？,1
哮喘,过敏性哮喘最佳的治疗方法是什么,过敏性哮喘怎么治疗最好,1
哮喘,过敏性哮喘最佳的治疗方法是什么,什么是过敏性哮喘？,0
哮喘,过敏性哮喘最佳的治疗方法是什么,有过敏性哮喘平时注意什么问题最好？,0
哮喘,过敏性哮喘最佳的治疗方法是什么,过敏性哮喘吃什么最好,0
哮喘,过敏性哮喘应该怎么治?,过敏性哮喘的治疗方法是什么,1
哮喘,过敏性哮喘应该怎么治?,过敏性哮喘需要怎样治疗,1
哮喘,过敏性哮喘应该怎么治?,过敏属于什么反应,0
哮喘,过敏性哮喘应该怎么治?,过敏性哮喘的过敏原因怎样才能知道,0
哮喘,过敏性哮喘应该怎么治?,为什么皮肤很容易过敏,0
哮喘,过敏性哮喘应该怎么治?,过敏性哮喘怎么办好,1
哮喘,过敏性哮喘应该怎么治?,怎样治疗过敏性哮喘,1
哮喘,过敏性哮喘应该怎么治?,过敏性哮喘是什么引起的,0
哮喘,过敏性哮喘应该怎么治?,过敏性哮喘有何症状,0
哮喘,过敏性哮喘应该怎么治?,过敏性哮喘多久可以治疗好,0
哮喘,治疗过敏性哮喘吃什么药好?,吃什么药治过敏性哮喘疗效好,1
哮喘,治疗过敏性哮喘吃什么药好?,治疗过敏性哮喘的药哪些疗效好,1
哮喘,治疗过敏性哮喘吃什么药好?,过敏性哮喘使用药物治疗效果怎么样？,0
哮喘,治疗过敏性哮喘吃什么药好?,什么方法治过敏性哮喘效果好,0
哮喘,治疗过敏性哮喘吃什么药好?,治疗效果好的过敏性哮喘方法,0
哮喘,过敏性哮喘的治疗方法?,怎样治疗过敏性哮喘,1
哮喘,过敏性哮喘的治疗方法?,得了过敏性哮喘怎么办,1
哮喘,过敏性哮喘的治疗方法?,过敏性哮喘的症状有哪些,0
哮喘,过敏性哮喘的治疗方法?,过敏性哮喘是由什么原因引起的,0
哮喘,过敏性哮喘的治疗方法?,过敏性哮喘检查什么？,0
哮喘,北京治疗过敏性哮喘哪里比较好?,北京哪个医院治疗过敏性哮喘比较好？,1
哮喘,北京治疗过敏性哮喘哪里比较好?,北京治疗过敏性哮喘比较好的地方是哪里？,1
哮喘,北京治疗过敏性哮喘哪里比较好?,治疗过敏性哮喘药有哪些？,0
哮喘,北京治疗过敏性哮喘哪里比较好?,如何治疗过敏性哮喘,0
哮喘,北京治疗过敏性哮喘哪里比较好?,应如何治疗过敏性哮喘？,0
哮喘,得了过敏性哮喘该怎么办?,得了过敏性哮喘怎么样治,1
哮喘,得了过敏性哮喘该怎么办?,怎么治疗过敏性哮喘比较好,1
哮喘,得了过敏性哮喘该怎么办?,患了过敏性哮喘的注意事项是什么？,0
哮喘,得了过敏性哮喘该怎么办?,患了过敏性哮喘有什么症状,0
哮喘,得了过敏性哮喘该怎么办?,得了过敏性哮喘会怎样,0
哮喘,得了过敏性哮喘该怎么办?,得了过敏性哮喘怎么治？,1
哮喘,得了过敏性哮喘该怎么办?,得了过敏性哮喘这种情况如何处理？,1
哮喘,得了过敏性哮喘该怎么办?,患了过敏性哮喘的注意事项是什么？,0
哮喘,得了过敏性哮喘该怎么办?,得了过敏性哮喘要怎么护理？,0
哮喘,得了过敏性哮喘该怎么办?,过敏性哮喘有哪些症状？,0
哮喘,变异性哮喘吃什么好?,"确诊患了变异性哮喘,应该吃什么药",1
哮喘,变异性哮喘吃什么好?,变异性哮喘吃什么药管事？,1
哮喘,变异性哮喘吃什么好?,怎么会得变异性哮喘？,0
哮喘,变异性哮喘吃什么好?,什么是变异性哮喘,0
哮喘,变异性哮喘吃什么好?,变异性哮喘什么症状,0
哮喘,咳嗽变异性哮喘需要长期用药吗,咳嗽变异性哮喘需要用药很长时间吗,1
哮喘,咳嗽变异性哮喘需要长期用药吗,咳嗽变异性哮喘是不是要长期服药啊？,1
哮喘,咳嗽变异性哮喘需要长期用药吗,什么是变异性咳嗽哮喘？,0
哮喘,咳嗽变异性哮喘需要长期用药吗,咳嗽变异性哮喘什么症状,0
哮喘,咳嗽变异性哮喘需要长期用药吗,咳嗽变异性哮喘注意些什么？,0
哮喘,咳嗽变异性哮喘做雾化管用吗,做雾化对咳嗽变异性哮喘有用吗,1
哮喘,咳嗽变异性哮喘做雾化管用吗,咳嗽变异性哮喘做雾化效果好吗,1
哮喘,咳嗽变异性哮喘做雾化管用吗,咳嗽变异性哮喘该如何用药？,0
哮喘,咳嗽变异性哮喘做雾化管用吗,咳嗽变异性哮喘如何治疗？,0
哮喘,咳嗽变异性哮喘做雾化管用吗,什么叫咳嗽变异性哮喘？,0
哮喘,咳嗽变异性哮喘该怎么治疗最好,咳嗽变异性哮喘的病症怎么治疗好呢？,1
哮喘,咳嗽变异性哮喘该怎么治疗最好,怎样能够有效治疗咳嗽变异性哮喘呢,1
哮喘,咳嗽变异性哮喘该怎么治疗最好,咳嗽变异性哮喘原因是什么？,0
哮喘,咳嗽变异性哮喘该怎么治疗最好,咳嗽变异性哮喘症状有什么,0
哮喘,咳嗽变异性哮喘该怎么治疗最好,咳嗽变异性哮喘的症状特点有哪些？,0
哮喘,过敏性哮喘与变异性哮喘的区别,过敏性哮喘和变异性哮喘有啥区别,1
哮喘,过敏性哮喘与变异性哮喘的区别,过敏性哮喘和咳嗽变异性如何区别,1
哮喘,过敏性哮喘与变异性哮喘的区别,哮喘气雾剂哪种比较好？,0
哮喘,过敏性哮喘与变异性哮喘的区别,变异性哮喘是怎么得的,0
哮喘,过敏性哮喘与变异性哮喘的区别,怎么确诊是变异性咳嗽,0
哮喘,变异性哮喘能吃什么呢,患变异性哮喘者该吃什么好呢？,1
哮喘,变异性哮喘能吃什么呢,吃什么对变异性哮喘患者好,1
哮喘,变异性哮喘能吃什么呢,怎么会得变异性哮喘？,0
哮喘,变异性哮喘能吃什么呢,得了变异性哮喘怎么办？,0
哮喘,变异性哮喘能吃什么呢,变异性哮喘该如何确认？,0
哮喘,只咳嗽，不喘是不是咳嗽变异性哮喘,只咳嗽，不喘能确认是咳嗽变异性哮喘吗,1
哮喘,只咳嗽，不喘是不是咳嗽变异性哮喘,咳嗽五个月不伴喘是变异性哮喘吗,1
哮喘,只咳嗽，不喘是不是咳嗽变异性哮喘,经常咳嗽喘不上气会是混合性哮喘？,0
哮喘,只咳嗽，不喘是不是咳嗽变异性哮喘,有不咳不喘的哮喘吗？,0
哮喘,只咳嗽，不喘是不是咳嗽变异性哮喘,我最近咳嗽气喘是哮喘吗？,0
哮喘,咳嗽变异性哮喘如何治疗,怎样治疗咳嗽变异性哮喘？,1
哮喘,咳嗽变异性哮喘如何治疗,咳嗽变异性哮喘要怎么办？,1
哮喘,咳嗽变异性哮喘如何治疗,咳嗽变异性哮喘原因是什么？,0
哮喘,咳嗽变异性哮喘如何治疗,什么是咳嗽变异性哮喘,0
哮喘,咳嗽变异性哮喘如何治疗,咳嗽变异性哮喘怎么确诊,0
哮喘,咳嗽变异性哮喘有什么危害呢?,咳嗽变异性哮喘会对人体造成什么危害,1
哮喘,咳嗽变异性哮喘有什么危害呢?,得了咳嗽变异性哮喘会有什么后果,1
哮喘,咳嗽变异性哮喘有什么危害呢?,咳嗽变异性哮喘用药有哪些,0
哮喘,咳嗽变异性哮喘有什么危害呢?,咳嗽变异性哮喘症状有哪些？,0
哮喘,咳嗽变异性哮喘有什么危害呢?,什么是咳嗽变异哮喘,0
哮喘,我想知道咳嗽变异性哮喘有没有非常严重的,咳嗽变异性哮喘后期会变得很严重吗,1
哮喘,我想知道咳嗽变异性哮喘有没有非常严重的,有没有很严重的咳嗽变异性哮喘患者,1
哮喘,我想知道咳嗽变异性哮喘有没有非常严重的,咳嗽变异性哮喘的症状特点有哪些？,0
哮喘,我想知道咳嗽变异性哮喘有没有非常严重的,咳嗽变异性哮喘能治愈吗,0
哮喘,我想知道咳嗽变异性哮喘有没有非常严重的,咳嗽变异性哮喘能去根吗,0
哮喘,咳嗽变异性哮喘一般服用什么药物,"确诊患了咳嗽变异性哮喘,应该吃什么药",1
哮喘,咳嗽变异性哮喘一般服用什么药物,咳嗽性哮喘吃什么药呢,1
哮喘,咳嗽变异性哮喘一般服用什么药物,咳嗽变异性哮喘有什么症状,0
哮喘,咳嗽变异性哮喘一般服用什么药物,什么是变异性咳嗽哮喘？,0
哮喘,咳嗽变异性哮喘一般服用什么药物,咳嗽变异性哮喘注意些什么？,0
哮喘,老是咳嗽到底是不是咳嗽变异性哮喘,平时老是咳嗽是不是咳嗽变异性哮喘,1
哮喘,老是咳嗽到底是不是咳嗽变异性哮喘,老是咳嗽请问他是变异性哮喘么,1
哮喘,老是咳嗽到底是不是咳嗽变异性哮喘,咳嗽变异性哮喘能治愈吗,0
哮喘,老是咳嗽到底是不是咳嗽变异性哮喘,咳嗽变异性哮喘严重吗,0
哮喘,老是咳嗽到底是不是咳嗽变异性哮喘,咳嗽变异性哮喘会遗传吗,0
哮喘,变异性哮喘如何才能不咳嗽,怎样缓解变异性哮喘的咳嗽症状,1
哮喘,变异性哮喘如何才能不咳嗽,变异性哮喘通过什么方法缓解咳嗽,1
哮喘,变异性哮喘如何才能不咳嗽,什么叫咳嗽变异性哮喘,0
哮喘,变异性哮喘如何才能不咳嗽,怎样预防咳嗽变异性哮喘呢,0
哮喘,变异性哮喘如何才能不咳嗽,咳嗽变异性哮喘是什么样的症状呢,0
哮喘,咳嗽变异性哮喘与哮喘的区别是什么?,咳嗽变异性哮喘与哮喘有哪些差别,1
哮喘,咳嗽变异性哮喘与哮喘的区别是什么?,咳嗽变异性哮喘与哮喘的不同点在哪里,1
哮喘,咳嗽变异性哮喘与哮喘的区别是什么?,什么是咳嗽变异性哮喘,0
哮喘,咳嗽变异性哮喘与哮喘的区别是什么?,咳嗽变异性哮喘的症状有哪些,0
哮喘,咳嗽变异性哮喘与哮喘的区别是什么?,咳嗽变异性哮喘用药有哪些,0
哮喘,变异性哮喘患者应该注意什么?,咳嗽变异性哮喘病人有什么注意事项吗？,1
哮喘,变异性哮喘患者应该注意什么?,变异性哮喘患者日常生活注意事项有哪些？,1
哮喘,变异性哮喘患者应该注意什么?,咳嗽变异性型哮喘的症状有什么？,0
哮喘,变异性哮喘患者应该注意什么?,治咳嗽变异性哮喘有什么好的方法吗？,0
哮喘,变异性哮喘患者应该注意什么?,咳嗽变异性哮喘有什么特点？,0
哮喘,哮喘和变异性哮喘到底哪个厉害,变异性哮喘比哮喘更厉害吗？,1
哮喘,哮喘和变异性哮喘到底哪个厉害,哮喘厉害还是变异性哮喘厉害？,1
哮喘,哮喘和变异性哮喘到底哪个厉害,变异性哮喘和哮喘区别有什么啊？,0
哮喘,哮喘和变异性哮喘到底哪个厉害,变异性哮喘怎样护理,0
哮喘,哮喘和变异性哮喘到底哪个厉害,变异性哮喘怎么办,0
哮喘,变异性哮喘有啥样症状和控制方法?,变异性哮喘有哪些症状以及如何控制,1
哮喘,变异性哮喘有啥样症状和控制方法?,哪些是变异性哮喘的症状并且怎样治疗变异性哮喘,1
哮喘,变异性哮喘有啥样症状和控制方法?,何为变异性哮喘,0
哮喘,变异性哮喘有啥样症状和控制方法?,变异性哮喘怎么确诊？,0
哮喘,变异性哮喘有啥样症状和控制方法?,变异性哮喘注意什么？,0
哮喘,请问咳嗽变异性哮喘可以彻底治好吗,请问咳嗽变异性哮喘能根治吗,1
哮喘,请问咳嗽变异性哮喘可以彻底治好吗,咳嗽变异性哮喘能够完全治疗康复吗,1
哮喘,请问咳嗽变异性哮喘可以彻底治好吗,请问，咳嗽变异性哮喘严重吗？,0
哮喘,请问咳嗽变异性哮喘可以彻底治好吗,咳嗽变异性哮喘怎么治疗,0
哮喘,请问咳嗽变异性哮喘可以彻底治好吗,咳嗽请问他是变异性哮喘么,0
哮喘,变异性哮喘有没有最好的治疗方法?,变异性哮喘什么方法治疗最好？,1
哮喘,变异性哮喘有没有最好的治疗方法?,采用什么方法治疗变异性哮喘最好？,1
哮喘,变异性哮喘有没有最好的治疗方法?,变异性哮喘症状是什么,0
哮喘,变异性哮喘有没有最好的治疗方法?,什么是变异性哮喘,0
哮喘,变异性哮喘有没有最好的治疗方法?,变异性哮喘是怎么得的,0
哮喘,咳嗽变异性哮喘是什么原因导致的?,咳嗽变异性哮喘病因是什么？,1
哮喘,咳嗽变异性哮喘是什么原因导致的?,什么原因导致的咳嗽变异性哮喘,1
哮喘,咳嗽变异性哮喘是什么原因导致的?,咳嗽变异性哮喘症状是什么,0
哮喘,咳嗽变异性哮喘是什么原因导致的?,咳嗽变异性哮喘怎么治疗,0
哮喘,咳嗽变异性哮喘是什么原因导致的?,咳嗽变异性哮喘注意什么？,0
哮喘,什么是咳嗽变异性哮喘?,什么叫做咳嗽变异性哮喘,1
哮喘,什么是咳嗽变异性哮喘?,什么是变异性咳嗽哮喘？,1
哮喘,什么是咳嗽变异性哮喘?,咳嗽变异性哮喘什么症状,0
哮喘,什么是咳嗽变异性哮喘?,咳嗽变异性哮喘有什么表现,0
哮喘,什么是咳嗽变异性哮喘?,咳嗽变异性哮喘用药有哪些,0
哮喘,刚刚确诊为咳嗽变异性哮喘，怎么办?,咳嗽变异性哮喘怎么办？,1
哮喘,刚刚确诊为咳嗽变异性哮喘，怎么办?,怎么治疗咳嗽变异性哮喘？,1
哮喘,刚刚确诊为咳嗽变异性哮喘，怎么办?,咳嗽变异性哮喘有什么表现,0
哮喘,刚刚确诊为咳嗽变异性哮喘，怎么办?,什么叫做咳嗽变异性哮喘,0
哮喘,刚刚确诊为咳嗽变异性哮喘，怎么办?,咳嗽变异性哮喘应该注意什么？,0
哮喘,变异性哮喘的症状有哪些?,变异性哮喘的表现有哪些,1
哮喘,变异性哮喘的症状有哪些?,哪些是变异性哮喘的症状,1
哮喘,变异性哮喘的症状有哪些?,变异性哮喘怎么办,0
哮喘,变异性哮喘的症状有哪些?,变异性哮喘如何确认？,0
哮喘,变异性哮喘的症状有哪些?,变异性哮喘是怎么得的,0
哮喘,变异性哮喘常见的症状有哪些?,变异性哮喘的症状特点有哪些？,1
哮喘,变异性哮喘常见的症状有哪些?,变异性哮喘的临床特征有哪些？,1
哮喘,变异性哮喘常见的症状有哪些?,变异性哮喘吃什么药好,0
哮喘,变异性哮喘常见的症状有哪些?,变异性哮喘该如何治疗,0
哮喘,变异性哮喘常见的症状有哪些?,变异性哮喘病因是哪些呢,0
哮喘,变异性哮喘应该要注意什么?,患有变异性哮喘需要注意的地方有什么呢？,1
哮喘,变异性哮喘应该要注意什么?,哪些是变异性哮喘患者应该注意的？,1
哮喘,变异性哮喘应该要注意什么?,变异性哮喘吃什么药好,0
哮喘,变异性哮喘应该要注意什么?,变异性哮喘该怎么办？,0
哮喘,变异性哮喘应该要注意什么?,怎样查变异性哮喘？,0
哮喘,变异性哮喘能彻底治疗好吗,变异性哮喘能否根治,1
哮喘,变异性哮喘能彻底治疗好吗,变异性哮喘能治愈吗,1
哮喘,变异性哮喘能彻底治疗好吗,变异性哮喘怎么治疗,0
哮喘,变异性哮喘能彻底治疗好吗,变异性哮喘多久可以治好,0
哮喘,变异性哮喘能彻底治疗好吗,变异性哮喘的症状有哪些？,0
哮喘,怎样判断是变异性哮喘呢?,如何判断是否患有变异性哮喘,1
哮喘,怎样判断是变异性哮喘呢?,变异性哮喘是怎样判断出来的,1
哮喘,怎样判断是变异性哮喘呢?,变异性哮喘怎样护理,0
哮喘,怎样判断是变异性哮喘呢?,变异性哮喘应该要注意什么?,0
哮喘,怎样判断是变异性哮喘呢?,变异性哮喘吃什么好？,0
哮喘,怎样才能知道自己得了哮喘病?,自己怎样判断是否得了哮喘病,1
哮喘,怎样才能知道自己得了哮喘病?,通过什么方法可以判断自己是否得了哮喘病？,1
哮喘,怎样才能知道自己得了哮喘病?,哮喘病是怎么得上的,0
哮喘,怎样才能知道自己得了哮喘病?,怎样预防哮喘病？,0
哮喘,怎样才能知道自己得了哮喘病?,得了哮喘病怎么办,0
哮喘,咳嗽变异性哮喘会自愈吗,咳嗽变异性哮喘能否自愈,1
哮喘,咳嗽变异性哮喘会自愈吗,咳嗽变异性哮喘会自己康复吗,1
哮喘,咳嗽变异性哮喘会自愈吗,咳嗽变异性哮喘多久能好,0
哮喘,咳嗽变异性哮喘会自愈吗,咳嗽变异性哮喘要怎么办？,0
哮喘,咳嗽变异性哮喘会自愈吗,什么是咳嗽变异性哮喘,0
哮喘,我是不是得了哮喘?为什么会得?,为什么会得哮喘?,1
哮喘,我是不是得了哮喘?为什么会得?,得哮喘有哪些原因?,1
哮喘,我是不是得了哮喘?为什么会得?,得哮喘的人吃什么好？,0
哮喘,我是不是得了哮喘?为什么会得?,哮喘会传染人吗？,0
哮喘,我是不是得了哮喘?为什么会得?,患哮喘的人要注意什么？,0
哮喘,过敏性哮喘反复发作怎么办,过敏性哮喘反复发作该怎么处理？,1
哮喘,过敏性哮喘反复发作怎么办,过敏性哮喘反复发作如何是好？,1
哮喘,过敏性哮喘反复发作怎么办,为什么过敏性哮喘反复发作？,0
哮喘,过敏性哮喘反复发作怎么办,过敏性哮喘有哪些症状？,0
哮喘,过敏性哮喘反复发作怎么办,过敏性哮喘反复发作不用治吗？,0
哮喘,怎样治疗过敏性哮喘最好,如何治疗过敏性哮喘最好呢？,1
哮喘,怎样治疗过敏性哮喘最好,怎么治疗过敏性哮喘效果佳？,1
哮喘,怎样治疗过敏性哮喘最好,过敏性哮喘病好治吗？,0
哮喘,怎样治疗过敏性哮喘最好,四川哪里治疗过敏性哮喘最好？,0
哮喘,怎样治疗过敏性哮喘最好,什么是过敏性哮喘？,0
哮喘,过敏性哮喘怎么治，能去根吗,如何治疗过敏性哮喘，这种病能根治吗？,1
哮喘,过敏性哮喘怎么治，能去根吗,过敏性哮喘有什么方法治疗，可以彻底治好吗？,1
哮喘,过敏性哮喘怎么治，能去根吗,过敏性哮喘有哪些症状？,0
哮喘,过敏性哮喘怎么治，能去根吗,过敏性哮喘治疗期间不能吃什么？,0
哮喘,过敏性哮喘怎么治，能去根吗,过敏性哮喘能运动吗？,0
哮喘,哮喘病在饮食上应注意什么?,哮喘病饮食方面需要注意哪些?,1
哮喘,哮喘病在饮食上应注意什么?,哮喘病在饮食上要注意的事项是什么?,1
哮喘,哮喘病在饮食上应注意什么?,哮喘病怎么治疗?,0
哮喘,哮喘病在饮食上应注意什么?,哮喘病病因是什么？,0
哮喘,哮喘病在饮食上应注意什么?,哮喘病有哪些症状？,0
哮喘,哮喘病平时应该注意什么?,得了哮喘病平时应该注意哪些问题？,1
哮喘,哮喘病平时应该注意什么?,哮喘病人平时应注意什么好？,1
哮喘,哮喘病平时应该注意什么?,得了哮喘病怎么办呢？,0
哮喘,哮喘病平时应该注意什么?,哮喘病是怎么得上的？,0
哮喘,哮喘病平时应该注意什么?,哮喘病有哪些症状？,0
哮喘,晚上咳嗽，哮喘有鸣声，吃什么药,晚上咳嗽，哮喘有鸣声该服用什么药？,1
哮喘,晚上咳嗽，哮喘有鸣声，吃什么药,晚上咳嗽，哮喘有鸣声，能吃什么药物？,1
哮喘,晚上咳嗽，哮喘有鸣声，吃什么药,咳嗽哮喘怎么治疗？,0
哮喘,晚上咳嗽，哮喘有鸣声，吃什么药,咳嗽哮喘严重吗？,0
哮喘,晚上咳嗽，哮喘有鸣声，吃什么药,哮喘会不会传染？,0
哮喘,吃了哮喘药身上发热发抖怎么回事,吃了哮喘药身上发热发抖是什么原因？,1
哮喘,吃了哮喘药身上发热发抖怎么回事,吃了哮喘药身上发热发抖是怎么了？,1
哮喘,吃了哮喘药身上发热发抖怎么回事,吃了哮喘药身上发热发抖正常吗？,0
哮喘,吃了哮喘药身上发热发抖怎么回事,哮喘病病因是什么？,0
哮喘,吃了哮喘药身上发热发抖怎么回事,哮喘病有哪些症状？,0
哮喘,哮喘一个月多了，夜里反复怎么办,哮喘一个月多了，夜里反复该如何是好？,1
哮喘,哮喘一个月多了，夜里反复怎么办,哮喘一个月多了，夜里反复怎么治疗？,1
哮喘,哮喘一个月多了，夜里反复怎么办,哮喘病人平时应注意什么好？,0
哮喘,哮喘一个月多了，夜里反复怎么办,哮喘病有哪些症状？,0
哮喘,哮喘一个月多了，夜里反复怎么办,哮喘会不会传染？,0
哮喘,过敏性哮喘和哮喘是一样病吗,过敏性哮喘和哮喘是同一种病吗？,1
哮喘,过敏性哮喘和哮喘是一样病吗,过敏性哮喘和哮喘属于一样的病吗？,1
哮喘,过敏性哮喘和哮喘是一样病吗,过敏性哮喘过敏源是如何引发哮喘病的？,0
哮喘,过敏性哮喘和哮喘是一样病吗,过敏性哮喘也是病吗？,0
哮喘,过敏性哮喘和哮喘是一样病吗,过敏性哮喘病的治疗方法有什么？,0
哮喘,过敏性哮喘的症状有哪些？,过敏性哮喘有哪些症状？,1
哮喘,过敏性哮喘的症状有哪些？,过敏性哮喘病的症状是什么？,1
哮喘,过敏性哮喘的症状有哪些？,什么是过敏性哮喘？,0
哮喘,过敏性哮喘的症状有哪些？,过敏性哮喘病的病因是什么？,0
哮喘,过敏性哮喘的症状有哪些？,如何治疗急性发作的过敏性哮喘？,0
哮喘,过敏性哮喘有什么偏方吗?,治疗过敏性哮喘的偏方是什么？,1
哮喘,过敏性哮喘有什么偏方吗?,过敏性哮喘有哪些偏方？,1
哮喘,过敏性哮喘有什么偏方吗?,过敏性哮喘是什么？,0
哮喘,过敏性哮喘有什么偏方吗?,过敏性哮喘有哪些症状？,0
哮喘,过敏性哮喘有什么偏方吗?,过敏性哮喘传染吗？,0
哮喘,过敏性哮喘发作用什么药有效,过敏性哮喘发作用什么药管用？,1
哮喘,过敏性哮喘发作用什么药有效,过敏性哮喘发作时用什么药见效快？,1
哮喘,过敏性哮喘发作用什么药有效,过敏性哮喘发作有什么症状？,0
哮喘,过敏性哮喘发作用什么药有效,过敏性哮喘发作怎么办？,0
哮喘,过敏性哮喘发作用什么药有效,过敏性哮喘与哮喘病有什么区别？,0
哮喘,过敏性哮喘怎么治疗才好呢?,过敏性哮喘要如何治疗才好呢？,1
哮喘,过敏性哮喘怎么治疗才好呢?,怎样治疗过敏性哮喘效果好？,1
哮喘,过敏性哮喘怎么治疗才好呢?,过敏性哮喘不能治好吗？,0
哮喘,过敏性哮喘怎么治疗才好呢?,过敏性哮喘有什么临床表现？,0
哮喘,过敏性哮喘怎么治疗才好呢?,过敏性哮喘是什么病？,0
哮喘,过敏性咳嗽和过敏性哮喘有什么区别,过敏性咳嗽和过敏性哮喘的区别是什么？,1
哮喘,过敏性咳嗽和过敏性哮喘有什么区别,过敏性咳嗽和过敏性哮喘有怎样的区别？,1
哮喘,过敏性咳嗽和过敏性哮喘有什么区别,咳嗽发憋是过敏性哮喘吗？,0
哮喘,过敏性咳嗽和过敏性哮喘有什么区别,过敏性哮喘的症状是什么？,0
哮喘,过敏性咳嗽和过敏性哮喘有什么区别,过敏性哮喘引发咳嗽怎么办？,0
哮喘,过敏性哮喘用药能根治吗,过敏性哮喘能用药彻底治好吗？,1
哮喘,过敏性哮喘用药能根治吗,过敏性哮喘可否用药根治疾病？,1
哮喘,过敏性哮喘用药能根治吗,过敏性哮喘病的治疗方法有什么？,0
哮喘,过敏性哮喘用药能根治吗,过敏性哮喘病的病因是什么？,0
哮喘,过敏性哮喘用药能根治吗,过敏性哮喘病的症状是什么？,0
哮喘,过敏性哮喘发作不吃药能扛过去吗,过敏性哮喘发作不吃药能行吗？,1
哮喘,过敏性哮喘发作不吃药能扛过去吗,过敏性哮喘发作时不吃药可取吗？,1
哮喘,过敏性哮喘发作不吃药能扛过去吗,过敏性哮喘发作有什么症状？,0
哮喘,过敏性哮喘发作不吃药能扛过去吗,过敏性哮喘有什么方法治疗，可以彻底治好吗？,0
哮喘,过敏性哮喘发作不吃药能扛过去吗,过敏性哮喘发作可以吃水果吗？,0
哮喘,过敏性哮喘不能吃什么食物？,过敏性哮喘患者什么食物不能吃？,1
哮喘,过敏性哮喘不能吃什么食物？,过敏性哮喘忌吃什么食物？,1
哮喘,过敏性哮喘不能吃什么食物？,过敏性哮喘发作是什么症状？,0
哮喘,过敏性哮喘不能吃什么食物？,过敏性哮喘是对什么过敏？,0
哮喘,过敏性哮喘不能吃什么食物？,过敏性哮喘是什么？,0
哮喘,得了过敏性哮喘该怎么办？,得了过敏性哮喘如何是好？,1
哮喘,得了过敏性哮喘该怎么办？,得了过敏性哮喘该怎么治？,1
哮喘,得了过敏性哮喘该怎么办？,得了过敏性哮喘会传染吗？,0
哮喘,得了过敏性哮喘该怎么办？,得了过敏性哮喘能吃什么食物？,0
哮喘,得了过敏性哮喘该怎么办？,过敏性哮喘难治吗？,0
哮喘,慢阻肺的诊断有标准吗？,慢阻肺的诊断有没有标准？,1
哮喘,慢阻肺的诊断有标准吗？,诊断慢阻肺有一定的标准吗？,1
哮喘,慢阻肺的诊断有标准吗？,CT是检查肺气肿的金标准吗？,0
哮喘,慢阻肺的诊断有标准吗？,为什么说有肺气肿不需要治疗？,0
哮喘,慢阻肺的诊断有标准吗？,肺气肿的诊断标准是什么?,0
哮喘,感冒会引起过敏性哮喘吗？,感冒是否会诱发过敏性哮喘吗？,1
哮喘,感冒会引起过敏性哮喘吗？,感冒会导致过敏性哮喘发作吗?,1
哮喘,感冒会引起过敏性哮喘吗？,孩子感冒引起过敏性鼻炎，想问如何治疗及预防？,0
哮喘,感冒会引起过敏性哮喘吗？,过敏性紫癜的孩子感冒了怎么护理？,0
哮喘,感冒会引起过敏性哮喘吗？,孩子现在过敏性咳嗽，可以吃感冒药吗？,0
哮喘,"得过哮喘病的人,有哪些适合的健身方式?",有哪些健身方式适合哮喘病患者?,1
哮喘,"得过哮喘病的人,有哪些适合的健身方式?","得过哮喘病的人,可以选择怎样的健身方式？",1
哮喘,"得过哮喘病的人,有哪些适合的健身方式?",哮喘病患者能否跑步运动？,0
哮喘,"得过哮喘病的人,有哪些适合的健身方式?",哮喘病是怎么得上的？,0
哮喘,"得过哮喘病的人,有哪些适合的健身方式?",哮喘病能治好吗？,0
哮喘,哮喘的检查方法都有哪些啊？,哮喘检查有哪些检查？,1
哮喘,哮喘的检查方法都有哪些啊？,哮喘检查项目有哪些？,1
哮喘,哮喘的检查方法都有哪些啊？,哮喘病是怎么检查出来的？,0
哮喘,哮喘的检查方法都有哪些啊？,刚检查过敏源有尘螨，如何脱敏？,0
哮喘,哮喘的检查方法都有哪些啊？,肺功能检查正常能否诊断为哮喘？,0
哮喘,哮喘是什么原因导致的？,哮喘是什么原因引起的？,1
哮喘,哮喘是什么原因导致的？,造成哮喘的原因是什么？,1
哮喘,哮喘是什么原因导致的？,哮喘的前提症状是什么？,0
哮喘,哮喘是什么原因导致的？,哮喘可以治愈吗？,0
哮喘,哮喘是什么原因导致的？,哮喘会传染吗？,0
哮喘,老年性人哮喘需要注意哪些问题？,老年人得了哮喘应注意哪些？,1
哮喘,老年性人哮喘需要注意哪些问题？,患有哮喘的老年人要注意什么？,1
哮喘,老年性人哮喘需要注意哪些问题？,老人哮喘有何症状？,0
哮喘,老年性人哮喘需要注意哪些问题？,老人有哮喘怎么办？,0
哮喘,老年性人哮喘需要注意哪些问题？,老年人哮喘要怎么预防？,0
哮喘,得了过敏性哮喘要注意些什么？？？谢谢,得了过敏性哮喘要注意哪些问题？,1
哮喘,得了过敏性哮喘要注意些什么？？？谢谢,得了过敏性哮喘有什么需要注意的？,1
哮喘,得了过敏性哮喘要注意些什么？？？谢谢,得了过敏性哮喘有什么症状？,0
哮喘,得了过敏性哮喘要注意些什么？？？谢谢,过敏性哮喘病的病因是什么？,0
哮喘,得了过敏性哮喘要注意些什么？？？谢谢,过敏性哮喘病的治疗方法有什么？,0
哮喘,哮喘怎么就突然间好了？,为什么哮喘突然就好了？,1
哮喘,哮喘怎么就突然间好了？,哮喘突然间好了是什么原因？,1
哮喘,哮喘怎么就突然间好了？,哮喘不能自愈吗？,0
哮喘,哮喘怎么就突然间好了？,哮喘病是怎么得上的？,0
哮喘,哮喘怎么就突然间好了？,哮喘病有哪些症状？,0
哮喘,有哮喘，适宜去健身房锻炼吗,有哮喘，能否去健身房锻炼？,1
哮喘,有哮喘，适宜去健身房锻炼吗,有哮喘还可以去健身房锻炼吗？,1
哮喘,有哮喘，适宜去健身房锻炼吗,哮喘病患者要注意什么事项？,0
哮喘,有哮喘，适宜去健身房锻炼吗,治疗哮喘病的方法有哪些？,0
哮喘,有哮喘，适宜去健身房锻炼吗,哮喘病病因是什么？,0
哮喘,过敏性哮喘应注意的问题有什么？,过敏性哮喘应注意哪些问题？,1
哮喘,过敏性哮喘应注意的问题有什么？,过敏性哮喘要注意什么事项？,1
哮喘,过敏性哮喘应注意的问题有什么？,过敏性哮喘有哪些症状？,0
哮喘,过敏性哮喘应注意的问题有什么？,什么是过敏性哮喘？,0
哮喘,过敏性哮喘应注意的问题有什么？,过敏性哮喘是什么引起的？,0
哮喘,得了哮喘病还可以跑步锻炼吗,哮喘病患者还能跑步锻炼吗？,1
哮喘,得了哮喘病还可以跑步锻炼吗,哮喘病患者能否跑步运动？,1
哮喘,得了哮喘病还可以跑步锻炼吗,哮喘病有得治吗？,0
哮喘,得了哮喘病还可以跑步锻炼吗,哮喘病晚期症状是什么？,0
哮喘,得了哮喘病还可以跑步锻炼吗,JUC哮喘病人可以雾化用吗？,0
哮喘,长期的咳嗽是怎么回事，一定是哮喘吗？,为什么长期咳嗽，肯定是哮喘吗？,1
哮喘,长期的咳嗽是怎么回事，一定是哮喘吗？,长期的咳嗽是什么情况，必然是哮喘吗？,1
哮喘,长期的咳嗽是怎么回事，一定是哮喘吗？,哮喘咳嗽怎么办？,0
哮喘,长期的咳嗽是怎么回事，一定是哮喘吗？,哮喘病是怎么得上的？,0
哮喘,长期的咳嗽是怎么回事，一定是哮喘吗？,如何预防哮喘？,0
哮喘,最近胸闷咳嗽呼吸困难是不是得了哮喘？,最近胸闷咳嗽呼吸困难是不是哮喘的症状？,1
哮喘,最近胸闷咳嗽呼吸困难是不是得了哮喘？,最近胸闷咳嗽呼吸困难是得了哮喘吗？,1
哮喘,最近胸闷咳嗽呼吸困难是不是得了哮喘？,哮喘有哪些症状表现？,0
哮喘,最近胸闷咳嗽呼吸困难是不是得了哮喘？,最近胸闷咳嗽呼吸困难是什么原因？,0
哮喘,最近胸闷咳嗽呼吸困难是不是得了哮喘？,哮喘病病因是什么？,0
哮喘,哮喘咳嗽吃什么水果好？,哮喘咳嗽适宜吃什么水果效果好？,1
哮喘,哮喘咳嗽吃什么水果好？,哮喘咳嗽吃什么水果比较好？,1
哮喘,哮喘咳嗽吃什么水果好？,哮喘咳嗽能怎么食疗？,0
哮喘,哮喘咳嗽吃什么水果好？,哮喘咳嗽要住院吗？,0
哮喘,哮喘咳嗽吃什么水果好？,哮喘咳嗽该怎么治疗？,0
哮喘,哮喘治好了，为什么总是胸闷的很,哮喘治好了，却总是胸闷的很是怎么回事？,1
哮喘,哮喘治好了，为什么总是胸闷的很,哮喘治好了，总是胸闷的很是什么原因？,1
哮喘,哮喘治好了，为什么总是胸闷的很,哮喘治好了会复发吗？,0
哮喘,哮喘治好了，为什么总是胸闷的很,哮喘怎么治？,0
哮喘,哮喘治好了，为什么总是胸闷的很,哮喘能否根治？,0
哮喘,过敏性哮喘怎么治比较好？,过敏性哮喘如何治效果好？,1
哮喘,过敏性哮喘怎么治比较好？,怎么治过敏性哮喘比较好？,1
哮喘,过敏性哮喘怎么治比较好？,什么是过敏性哮喘？,0
哮喘,过敏性哮喘怎么治比较好？,过敏性哮喘有什么症状？,0
哮喘,过敏性哮喘怎么治比较好？,过敏性哮喘要注意什么？,0
哮喘,治哮喘到北京德胜门中医院怎么样,北京德胜门中医院治疗哮喘病效果如何？,1
哮喘,治哮喘到北京德胜门中医院怎么样,北京德胜门中医院治疗哮喘病好不好？,1
哮喘,治哮喘到北京德胜门中医院怎么样,如何治疗哮喘病？,0
哮喘,治哮喘到北京德胜门中医院怎么样,哮喘病人平时应注意什么好？,0
哮喘,治哮喘到北京德胜门中医院怎么样,哮喘病要住院吗？,0
哮喘,北京治疗哮喘好的医院是哪家,北京哪家医院治疗哮喘好？,1
哮喘,北京治疗哮喘好的医院是哪家,北京哪家医院治疗哮喘效果好？,1
哮喘,北京治疗哮喘好的医院是哪家,哮喘好治吗？,0
哮喘,北京治疗哮喘好的医院是哪家,哪个地区治疗哮喘高效？,0
哮喘,北京治疗哮喘好的医院是哪家,哮喘病怎么治疗?,0
哮喘,过敏性哮喘的治疗方法有哪些?,过敏性哮喘的治疗方法是什么？,1
哮喘,过敏性哮喘的治疗方法有哪些?,过敏性哮喘有哪些治疗方法？,1
哮喘,过敏性哮喘的治疗方法有哪些?,过敏性哮喘哟哪些症状？,0
哮喘,过敏性哮喘的治疗方法有哪些?,过敏性哮喘病的病因是什么？,0
哮喘,过敏性哮喘的治疗方法有哪些?,过敏性哮喘病好治吗？,0
哮喘,过敏性哮喘吃什么药管用,过敏性哮喘吃什么药有效果？,1
哮喘,过敏性哮喘吃什么药管用,过敏性哮喘吃什么药效果好的快？,1
哮喘,过敏性哮喘吃什么药管用,过敏性哮喘吃什么水果好？,0
哮喘,过敏性哮喘吃什么药管用,过敏性哮喘能治好吗？,0
哮喘,过敏性哮喘吃什么药管用,过敏性哮喘吃什么药副作用最小？,0
